-475.09036681607551599881844595074654
-475.09068367169959401508094742894173
-474.77633318879975377058144658803940
-474.53292941104200508561916649341583
-474.36875431730385344053502194583416
-474.28366726127580932370619848370552
-474.27219642428030965675134211778641
-474.32609924137545931444037705659866
-474.43636428128161242057103663682938
-474.59408859243126244109589606523514
-474.78989236331966594661935232579708
-475.01223952599497124538174830377102
-475.24580023211933621496427804231644
-475.47125969156775227020261809229851
-475.66743207945108906642417423427105
-475.81533726760864055904676206409931
-475.90259876041062625517952255904675
-475.92587283623834082391113042831421
-475.88964931161416416216525249183178
-475.80168741787895214656600728631020
-475.66766206352616563890478573739529
-475.48876733489083790118456818163395
-475.26459041383634485100628808140755
-474.99948569951260424204519949853420
-474.70737281201013502140995115041733
-474.41234725004284200622350908815861
-474.14301454850379968775087036192417
-473.92129489037478151658433489501476
-473.75648092103210728964768350124359
-473.65230313359006686368957161903381
-473.61422901313244437915273010730743
-473.64915291698684995935764163732529
-473.75890409517643320214119739830494
-473.93397802562270726411952637135983
-474.15288446665482524622348137199879
-474.38769863726764697275939397513866
-474.61229637003862080746330320835114
-474.80868659578231927298475056886673
-474.96865873308331629232270643115044
-475.09100289530937288873246870934963
-475.17680618026685124277719296514988
-475.22567312374030734645202755928040
-475.23450931380614292720565572381020
-475.19884047554597827911493368446827
-475.11544410152470163666293956339359
-474.98474940551983536352054215967655
-474.81192440014166322725941427052021
-474.60640654187739073677221313118935
-474.38036636493882269860478118062019
-474.14688325672386781661771237850189
-473.91835147804425787398940883576870
-473.70514742419896947467350400984287
-473.51471856406709548537037335336208
-473.35162166527982208208413794636726
-473.21849511883607419804320670664310
-473.11732045852039618694107048213482
-473.05037232490326459810603410005569
-473.02063313210760497895535081624985
-473.03172829764736206925590522587299
-473.08742767042235755070578306913376
-473.19048789722614856145810335874557
-473.34045347454633656525402329862118
-473.53064748630538360885111615061760
-473.74598625957685271714581176638603
-473.96394532193284021559520624577999
-474.15956118609301483957096934318542
-474.31279684181470202020136639475822
-474.41503893319088547286810353398323
-474.47155896540039066167082637548447
-474.49805395166168864307110197842121
-474.51165756357460168146644718945026
-474.51986574806983298913110047578812
-474.51360864585114995861658826470375
-474.47081510361294931499287486076355
-474.37180402885820740266353823244572
-474.21843875578855431740521453320980
-474.04258273116545296943513676524162
-473.89411018702384126299875788390636
-473.81246750636717024462996050715446
-473.80271316521833568913280032575130
-473.83637367976342602560180239379406
-473.87469375904737489690887741744518
-473.89597243979778795619495213031769
-473.90881934885067039431305602192879
-473.94394283167781622978509403765202
-474.03118777639008385449415072798729
-474.17775928444115152160520665347576
-474.36199846420061021490255370736122
-474.54575358348921554352273233234882
-474.69548828827504394212155602872372
-474.79693034584488486871123313903809
-474.85485274913031616961234249174595
-474.88234635904785818638629280030727
-474.88982452229572572832694277167320
-474.87996071331792791170300915837288
-474.84880082169507886646897532045841
-474.79036634907242842018604278564453
-474.70139586460658165378845296800137
-474.58379116237767902930499985814095
-474.44424731489897339997696690261364
-474.29209523152024985392927192151546
-474.13682335235961318176123313605785
-473.98634879120402274566004052758217
-473.84649356739822678719065152108669
-473.72159665753309809588245116174221
-473.61572139877466725010890513658524
-473.53356190834273320433567278087139
-473.48025446943512406505760736763477
-473.46007496091715438524261116981506
-473.47486913635765404251287691295147
-473.52310321861432385048829019069672
-473.59982161264963451685616746544838
-473.69750115923079647473059594631195
-473.80778460858658718279912136495113
-473.92354336810558379511348903179169
-474.03973387993761434699990786612034
-474.15167713118194114940706640481949
-474.25187026487685670872451737523079
-474.32890133027115098229842260479927
-474.37097519527566191754885949194431
-474.37273733965122346489806659519672
-474.34064826499735545439762063324451
-474.29132577511956014859606511890888
-474.24126004749916774017037823796272
-474.19466234089367162596317939460278
-474.14124348930567975912708789110184
-474.06845352135673010707250796258450
-473.97765792876941759459441527724266
-473.88808979017784395182388834655285
-473.82518936828398636862402781844139
-473.80580868568006280838744714856148
-473.83159609351326935211545787751675
-473.89158092027395241530030034482479
-473.97045123203093908159644342958927
-474.05735047055998165888013318181038
-474.15013181584799895063042640686035
-474.25332592540132736758096143603325
-474.37177776043023413876653648912907
-474.50378479235564554983284324407578
-474.63787403986322033233591355383396
-474.75599911198435165715636685490608
-474.84213320457206464197952300310135
-474.89061973484257350719417445361614
-474.90780805015094756527105346322060
-474.90558564358644844105583615601063
-474.89192885082621842229855246841908
-474.86519780275045832240721210837364
-474.81510005614552483166335150599480
-474.72873440167722947080619633197784
-474.59800143022874863163451664149761
-474.42482234700128174154087901115417
-474.22227167892845045571448281407356
-474.01175422727857267091167159378529
-473.81708839722762149904156103730202
-473.65615144186011775673250667750835
-473.53304934360483002819819375872612
-473.43604312311538251378806307911873
-473.34351246606763652380323037505150
-473.23621549489826065837405622005463
-473.11075677303784914329298771917820
-472.98667956737591566707124002277851
-472.90053531194268998660845682024956
-472.88759276884667315243859775364399
-472.96279895889915678708348423242569
-473.11355756203295186423929408192635
-473.30641108998997879098169505596161
-473.50186566019112888170639052987099
-473.66970260642113998983404599130154
-473.79836344770586720187566243112087
-473.89524490624972941077430732548237
-473.97869991625640295751509256660938
-474.06571956843066573128453455865383
-474.16104890089775381056824699044228
-474.25354420673795630136737599968910
-474.32284649478521032506250776350498
-474.35322979987040525884367525577545
-474.34480522194246532308170571923256
-474.31276255480747749970760196447372
-474.27592857439032059119199402630329
-474.24579843289797054239897988736629
-474.22439280003987960299127735197544
-474.20894178616686076566111296415329
-474.19700899259441939648240804672241
-474.18894135917361154497484676539898
-474.18815393261462531881988979876041
-474.20006875509818655700655654072762
-474.22971493849939861320308409631252
-474.27866002656713817486888729035854
-474.34309329440003466515918262302876
-474.41432229835913858551066368818283
-474.48156568798674470599507912993431
-474.53617138157017052435548976063728
-474.57535545363782603089930489659309
-474.60263509274841453589033335447311
-474.62389112854015138509566895663738
-474.64204279074084524836507625877857
-474.65469533123768997029401361942291
-474.65569348894706536157173104584217
-474.63815801115873682647361420094967
-474.59693043172245552341337315738201
-474.53001733405915274488506838679314
-474.43915032877208659556345082819462
-474.32941624141727743335650302469730
-474.20788866206856937424163334071636
-474.08136672947648548870347440242767
-473.95374208162519380493904463946819
-473.82427496075462158842128701508045
-473.68871762184107865323312580585480
-473.54456564355950831668451428413391
-473.39856717601281843599281273782253
-473.27005102560252680632402189075947
-473.18339898518718200648436322808266
-473.15290912147969493162236176431179
-473.17333272560756540769943967461586
-473.22352828156982695873011834919453
-473.27906993905395438559935428202152
-473.32599382887599404057255014777184
-473.36895384064467862117453478276730
-473.42942828367847596382489427924156
-473.53351610283129957679193466901779
-473.69415461455236027177306823432446
-473.89766111549243987610680051147938
-474.10523791909781721187755465507507
-474.27297127057880743450368754565716
-474.37923216755109478981466963887215
-474.43612861140468339726794511079788
-474.47211401037174027806031517684460
-474.50359032193836128499242477118969
-474.52394348749481878257938660681248
-474.51530414101335964005556888878345
-474.46717445563359660809510387480259
-474.38544025515233215628541074693203
-474.28793281565651795972371473908424
-474.19468143207046750831068493425846
-474.12058574681287836938281543552876
-474.07238571854003339467453770339489
-474.04993884991489494495908729732037
-474.05024796945923526436672545969486
-474.07147599769086809828877449035645
-474.11537774433674030660768039524555
-474.18725671580324387832661159336567
-474.29274946987783323493204079568386
-474.43313358634708265526569448411465
-474.60321908261443013543612323701382
-474.79388147606016445934073999524117
-474.99722134367993930936791002750397
-475.21103860360693715847446583211422
-475.44064615646067295529064722359180
-475.69776880317135692166630178689957
-475.99761106060390147831640206277370
-476.35592692616978638397995382547379
-476.78778899495489440596429631114006
-477.30877446630330496191163547337055
-477.93792041002370751812122762203217
-478.70070227368353243946330621838570
-479.63014085753769677467062138020992
-480.76523449958131095627322793006897
-482.14742672172462789603741839528084
-483.81585357551193737890571355819702
-485.79879518664006354811135679483414
-488.09277521120696974321617744863033
-490.63180960668188390627619810402393
-493.32696411963013360946206375956535
-496.17864510268395861203316599130630
-499.08772563688046375318663194775581
-501.80216212197171898878877982497215
-504.29585485946631706610787659883499
-506.70613911210574542565154843032360
-509.11627572044670841933111660182476
-511.57861535583913337177364155650139
-514.07765598474293256003875285387039
-516.55545931917220059403916820883751
-519.00022472359842140576802194118500
-521.61103002199149614170892164111137
-524.42127717504854444996453821659088
-527.28652091714434391178656369447708
-530.09507644118627922580344602465630
-532.76599490977321238460717722773552
-535.26075053708439099864335730671883
-537.51100268119432712410343810915947
-539.49884093709147236950229853391647
-541.33712833114702789316652342677116
-543.11337406011989514809101819992065
-544.78727474357856408460065722465515
-546.29675861413477377936942502856255
-547.67650592024619982112199068069458
-548.97542899098596080875722691416740
-550.23089768801503396389307454228401
-551.52758693987584592832718044519424
-552.92525938054836842638906091451645
-554.41224670327824242122005671262741
-555.92065294235760575247695669531822
-557.38885391155429260834353044629097
-558.85441270270769109629327431321144
-560.36928828480870379280531778931618
-561.90022070255588459986029192805290
-563.37623540940751354355597868561745
-564.73371750245644307142356410622597
-565.95280027545732082217000424861908
-567.08069428428154878929490223526955
-568.22616578043005119980080053210258
-569.49039137057775405992288142442703
-570.89758668988190493109868839383125
-572.43588837409106417908333241939545
-574.09312354588678317668382078409195
-575.86810646321430340321967378258705
-577.77098387534476842120056971907616
-579.81267802825391299847979098558426
-581.99578115308429460128536447882652
-584.30437238762328888697084039449692
-586.70426701460223739559296518564224
-589.15687131573031365405768156051636
-591.62490700738976556749548763036728
-594.08481189964822988258674740791321
-596.54458646393766230175970122218132
-599.01953390354128714534454047679901
-601.51899847668948950740741565823555
-604.06132484521026526635978370904922
-606.66040508833259536913828924298286
-609.30418278535557874420192092657089
-611.96363364406363416492240503430367
-614.59987424675080092129064723849297
-617.16913763368097534112166613340378
-619.63087232250745728379115462303162
-621.98998953256898403196828439831734
-624.29423265617560900864191353321075
-626.55889391014977718441514298319817
-628.76413473408911158912815153598785
-630.91883246108113780792336910963058
-633.03146258009360280993860214948654
-635.07868430172391072119353339076042
-637.04287526720008827396668493747711
-638.93877504213594420434674248099327
-640.77972470742918176256353035569191
-642.55241254337090595072368159890175
-644.24786145636767287214752286672592
-645.86078356945665746025042608380318
-647.37416355212383223260985687375069
-648.78895970263772596808848902583122
-650.13046333893748851551208645105362
-651.42939258832336690829833969473839
-652.70254839550852921092882752418518
-653.93777313661223615781636908650398
-655.10780512168241784820565953850746
-656.20344316389991945470683276653290
-657.23893323772699659457430243492126
-658.23679980018789592577377334237099
-659.21709214338989113457500934600830
-660.18906185245259621297009289264679
-661.15142078514679724321467801928520
-662.10101956422954572190064936876297
-663.03707659023507403617259114980698
-663.95783374779534824483562260866165
-664.86354617332540328789036720991135
-665.75940812202622964832698926329613
-666.64202360228603083669440820813179
-667.49451578546631935751065611839294
-668.29869437084300898277433589100838
-669.04532209027036060433601960539818
-669.73744402015131527150515466928482
-670.38353297171079248073510825634003
-670.98533196889650298544438555836678
-671.53679676443312018818687647581100
-672.03488390745087599498219788074493
-672.48914527517638362041907384991646
-672.92067213764755706506548449397087
-673.34839565348897849617060273885727
-673.77810153678865390247665345668793
-674.20362856855501831887522712349892
-674.61467618446295091416686773300171
-675.00451378014122383319772779941559
-675.36931320152586977201281115412712
-675.70407709834842080454109236598015
-676.00714936379051778203574940562248
-676.28744481325645665492629632353783
-676.55989727719634174718521535396576
-676.83338190152721836057025939226151
-677.10651967460057676362339407205582
-677.36979448706870243768207728862762
-677.61174120582165869564050808548927
-677.82780949882442200760124251246452
-678.02281248601127572328550741076469
-678.20494848956809619267005473375320
-678.37912867614170409069629386067390
-678.54529541289446115115424618124962
-678.70239213090519569959724321961403
-678.85475268331447296077385544776917
-679.01311204936064314097166061401367
-679.18704274363926742807962000370026
-679.37696191000657108816085383296013
-679.57390843440634853322990238666534
-679.76569635905707400524988770484924
-679.94362486481463747622910887002945
-680.10572515168701102084014564752579
-680.25533380734646016207989305257797
-680.39600185907625018444377928972244
-680.52624977543314344075042754411697
-680.63930004097153414477361366152763
-680.72919839540611519623780623078346
-680.79719781918868193315574899315834
-680.85087221639048493670998141169548
-680.89733184453871217556297779083252
-680.93875518615732289617881178855896
-680.97366219927880592877045273780823
-681.00051455319919568864861503243446
-681.02015418107066579977981746196747
-681.03587040250477002700790762901306
-681.05194794948238268261775374412537
-681.07287422680212785053299739956856
-681.10288834930611301388125866651535
-681.14420415195468194724526256322861
-681.19517455526818139333045110106468
-681.25088161034727818332612514495850
-681.30566414212023573782062157988548
-681.35497041228279613278573378920555
-681.39570162742029424407519400119781
-681.42661367076118494878755882382393
-681.44979848453613158199004828929901
-681.47162577723838694510050117969513
-681.50055423966546186420600861310959
-681.54186665010445267398608848452568
-681.59353473820181079645408317446709
-681.64742295930147975013824179768562
-681.69435009437813732802169397473335
-681.72863516118536608701106160879135
-681.75019313652057917352067306637764
-681.76387806090758658683625981211662
-681.77646543130401823873398825526237
-681.79260230408976894977968186140060
-681.81245614660178944177459925413132
-681.83315873716651367431040853261948
-681.85166617744573613890679553151131
-681.86591643198698875494301319122314
-681.87551843409278262697625905275345
-681.88289127659538735315436497330666
-681.89223977009157806605799123644829
-681.90622436100147751858457922935486
-681.92367088129867624957114458084106
-681.93952859601927229959983378648758
-681.94706154235075246106134727597237
-681.94163359690094239340396597981453
-681.92292565860338982020039111375809
-681.89507080866576416156021878123283
-681.86593872298112728458363562822342
-681.84392307795155829808209091424942
-681.83291025696519227494718506932259
-681.82997192004131647991016507148743
-681.82806692507585921703139320015907
-681.82213223953692704526474699378014
-681.81408485370673133729724213480949
-681.81239738780618608871009200811386
-681.82625300331426387856481596827507
-681.85853484714562000590376555919647
-681.90269734677792712318478152155876
-681.94637365098037662392016500234604
-681.97938277356183789379429072141647
-681.99955860947727614984614774584770
-682.01233804220964884734712541103363
-682.02554870942685738555155694484711
-682.04328628225380271032918244600296
-682.06313629687997490691486746072769
-682.07885101767556079721543937921524
-682.08529971422956350579624995589256
-682.08063667852673006564145907759666
-682.06591343269781191338552162051201
-682.04475122191195168852573260664940
-682.02189134434854622668353840708733
-682.00073738947673973598284646868706
-681.98300595778039223660016432404518
-681.96986930882383148855296894907951
-681.96152412696460487495642155408859
-681.95586017635582720686215907335281
-681.94942735325059857132146134972572
-681.94080875278166331554530188441277
-681.93210337913910734641831368207932
-681.92645114329559419275028631091118
-681.92528368337889332906343042850494
-681.92744371613389375852420926094055
-681.92899103570255192607874050736427
-681.92469218261794594582170248031616
-681.91211292433069957041880115866661
-681.89568282611276117677334696054459
-681.88669672928278941981261596083641
-681.89764684081626455736113712191582
-681.93487376536256761028198525309563
-681.99488326541745664144400507211685
-682.06611512037113698170287534594536
-682.13462983430406438856152817606926
-682.19010262640642849873984232544899
-682.22965387792146430001594126224518
-682.25860748194816096656722947955132
-682.28687297267447320336941629648209
-682.32214503557759144314331933856010
-682.36560842341782517905812710523605
-682.41365139912568338331766426563263
-682.46184017328516802081139758229256
-682.50655670344553982431534677743912
-682.54501727601666516420664265751839
-682.57595425573231295857112854719162
-682.60002831422525559901259839534760
-682.61847075104913074028445407748222
-682.63130645153580644546309486031532
-682.63712705545435710519086569547653
-682.63464233959234661597292870283127
-682.62472195344935244065709412097931
-682.61077523832454971852712333202362
-682.59627726765211264137178659439087
-682.58165758290601843327749520540237
-682.56401414357503654173342511057854
-682.54060594476618462067563086748123
-682.51264833694347089476650580763817
-682.48419120910386936884606257081032
-682.45749371271699601493310183286667
-682.43153245715552657202351838350296
-682.40508677508591972582507878541946
-682.37972027484704540256643667817116
-682.35871020680053788964869454503059
-682.34310420329529733862727880477905
-682.33004904760957742837490513920784
-682.31611700408507203974295407533646
-682.30111419164359176647849380970001
-682.28829466874856279900996014475822
-682.28235822482429284718818962574005
-682.28627947013546872767619788646698
-682.29891323716685747058363631367683
-682.31619326112593171274056658148766
-682.33397419687344154226593673229218
-682.34964154419412807328626513481140
-682.36281012041342819429701194167137
-682.37495373919443863997003063559532
-682.38770877189585917221847921609879
-682.40143249683103476854739710688591
-682.41516868593930666975211352109909
-682.42757515438756854564417153596878
-682.43746269032703821721952408552170
-682.44341193961884073360124602913857
-682.44400809903459048655349761247635
-682.43946106836631315673002973198891
-682.43249717694800438039237633347511
-682.42705312422060615062946453690529
-682.42594226400024126633070409297943
-682.42886068997438542282907292246819
-682.43188116190196979005122557282448
-682.42962097320628345187287777662277
-682.41950761561474791960790753364563
-682.40538259835750523052411153912544
-682.39673625875866491696797311306000
-682.40170772068086080253124237060547
-682.41887400274777064623776823282242
-682.43622695393332833191379904747009
-682.43945849646797796594910323619843
-682.42271425829562758735846728086472
-682.39221483514802457648329436779022
-682.36043265496994081331649795174599
-682.33745221081471754587255418300629
-682.32646747443459389614872634410858
-682.32494389256885369832161813974380
-682.32840631679130183329107239842415
-682.33314871726906858384609222412109
-682.33703884678197937319055199623108
-682.33947672235012760211247950792313
-682.34089399410879650531569495797157
-682.34224634768906980752944946289062
-682.34508933469635394430952146649361
-682.35169657169410584174329414963722
-682.36445856980947155534522607922554
-682.38481869723023010010365396738052
-682.41191658975208156334701925516129
-682.44130364095963159343227744102478
-682.46535418574637787969550117850304
-682.47612115931940479640616104006767
-682.46931123575541278114542365074158
-682.44690350345206297788536176085472
-682.41594053800861274794442579150200
-682.38392975402780393778812140226364
-682.35470636471507077658316120505333
-682.32801568261709235230227932333946
-682.30251946831720033515011891722679
-682.27902183375704225909430533647537
-682.26127769932418232201598584651947
-682.25419684029373001976637169718742
-682.26092626736942747811553999781609
-682.28022569084009774087462574243546
-682.30597515042006762087112292647362
-682.33048503089685254963114857673645
-682.34890406265856199752306565642357
-682.36040478116228769067674875259399
-682.36662240595194361958419904112816
-682.37000317170293328672414645552635
-682.37249009052266046637669205665588
-682.37558526355394405982224270701408
-682.38213612985339295846642926335335
-682.39627147138253349112346768379211
-682.41978164938677764439489692449570
-682.44896402959420811384916305541992
-682.47611851818044215178815647959709
-682.49487315105795914860209450125694
-682.50410373290026200265856459736824
-682.50594386606178431975422427058220
-682.50150142539860098622739315032959
-682.49128279058129464829107746481895
-682.47880215004170167958363890647888
-682.47118277330173441441729664802551
-682.47546235331162733928067609667778
-682.49357992184616250597173348069191
-682.51971484776640863856300711631775
-682.54273762432956118573201820254326
-682.55262493687064306868705898523331
-682.54564214043864467384992167353630
-682.52479419912958746863296255469322
-682.49684980023982916463864967226982
-682.46895204627821840404067188501358
-682.44615654141762206563726067543030
-682.42989489427247917774366214871407
-682.41811818170572223607450723648071
-682.40744317297321686055511236190796
-682.39545041526434943079948425292969
-682.38116334474307222990319132804871
-682.36399396720776167057920247316360
-682.34360512261093845154391601681709
-682.32135088367226671834941953420639
-682.30079728423936558101559057831764
-682.28652622004381100850878283381462
-682.28216296676339425175683572888374
-682.28729688697251276607858017086983
-682.29624790803495670843403786420822
-682.30242914308269064349588006734848
-682.30407837967140949331223964691162
-682.30491044209782103280303999781609
-682.30978074511574504867894574999809
-682.32043038418510150222573429346085
-682.33473756496516671177232638001442
-682.34857704139085399219766259193420
-682.35831611056244128121761605143547
-682.36320346013849302835296839475632
-682.36643164979238918022019788622856
-682.37352229775308387615950778126717
-682.38882467407393050962127745151520
-682.41235478410180803621187806129456
-682.43893686283604438358452171087265
-682.46054864379163973353570327162743
-682.47082365607991505385143682360649
-682.46905113555192201602039858698845
-682.46110329238092617742950096726418
-682.45608028640185693802777677774429
-682.46013858905257620790507644414902
-682.47260575392499504232546314597130
-682.48823795621512999787228181958199
-682.50290559155928349355235695838928
-682.51714215492279436148237437009811
-682.53472950741183922218624502420425
-682.55815306345300541579490527510643
-682.58523525170176071696914732456207
-682.60880012146401440986664965748787
-682.61844462864428351167589426040649
-682.60452619881425562198273837566376
-682.56468071810093078966019675135612
-682.50841044448702632507774978876114
-682.45325283931708781892666593194008
-682.41476703528121561248553916811943
-682.39911353354523271264042705297470
-682.40089443610338548751315101981163
-682.40747907488048440427519381046295
-682.40914213495500462158815935254097
-682.40606959748890858463710173964500
-682.40662235222123399580596014857292
-682.41935910357415195903740823268890
-682.44469683967520268197404220700264
-682.47357891115393613290507346391678
-682.49478179495611129823373630642891
-682.50243118526020680292276665568352
-682.49704541685514413984492421150208
-682.48253956361020300391828641295433
-682.46336276568649736873339861631393
-682.44419031339668890723260119557381
-682.43032813568777328327996656298637
-682.42491734675820680422475561499596
-682.42552140176474040345055982470512
-682.42520981399968604819150641560555
-682.41769204589866149035515263676643
-682.40153905527301958500174805521965
-682.37960445747580706665758043527603
-682.35536446713820168952224776148796
-682.33052994633885646180715411901474
-682.30557252999210504640359431505203
-682.28209594934946835564915090799332
-682.26390806014944701018976047635078
-682.25443600650805819896049797534943
-682.25334402820510604215087369084358
-682.25715407205018436798127368092537
-682.26342918235479828581446781754494
-682.27310024424366474704584106802940
-682.28809730130603838915703818202019
-682.30774443040706955798668786883354
-682.32825761952210541494423523545265
-682.34493377543367387261241674423218
-682.35486869173109880648553371429443
-682.35933074805188880418427288532257
-682.36330388642636535223573446273804
-682.37101110261357916897395625710487
-682.38180510054735350422561168670654
-682.39055348301462800009176135063171
-682.39156056963349783472949638962746
-682.38345215688821099320193752646446
-682.37211177244921600504312664270401
-682.36767981226057599997147917747498
-682.37628225570517770393053069710732
-682.39427090619869886722881346940994
-682.41113807060321505559841170907021
-682.41875325200317092821933329105377
-682.41834505997337601002072915434837
-682.41793600163498467736644670367241
-682.42267163778228677983861416578293
-682.42906045197400999313686043024063
-682.42845584687336213391972705721855
-682.41448655658405186841264367103577
-682.38750791348184066009707748889923
-682.35368737467854316491866484284401
-682.32094441266440298932138830423355
-682.29461769103636470390483736991882
-682.27559100822861637425376102328300
-682.26353933481914282310754060745239
-682.26161483581904576567467302083969
-682.27521428810462111869128420948982
-682.30520669170959990879055112600327
-682.34337443549395629815990105271339
-682.37544835929611508618108928203583
-682.39009786687563519080867990851402
-682.38668252779973499855259433388710
-682.37499471961029939848231151700020
-682.36752096513941978628281503915787
-682.37113783313191106572048738598824
-682.38341769270709846750833094120026
-682.39425489084248965809820219874382
-682.39240592452756573038641363382339
-682.37436405854828080919105559587479
-682.34868402228346440097084268927574
-682.33097900880670749756973236799240
-682.33376611953008250566199421882629
-682.35864878437882907746825367212296
-682.39468622200092795537784695625305
-682.42420593309577725449344143271446
-682.43404552077129210374550893902779
-682.42561920872969949414255097508430
-682.41408065045288822147995233535767
-682.41393157507820887985872104763985
-682.42760978606918342848075553774834
-682.44766164620568815735168755054474
-682.46334832306536100077209994196892
-682.46634304854171659826533868908882
-682.45478478264442401268752291798592
-682.43395124772268900414928793907166
-682.41293559511655075766611844301224
-682.39961084640651733934646472334862
-682.39684559732904745033010840415955
-682.40161240509360141004435718059540
-682.40783971256450968212448060512543
-682.41152550185995551146334037184715
-682.41419116859071891667554154992104
-682.42160770220914400852052494883537
-682.43871458866260581999085843563080
-682.46539036273475176130887120962143
-682.49604532522857880394440144300461
-682.52252483839868091308744624257088
-682.53845150709378231113078072667122
-682.54182297367322007630718871951103
-682.53426302079435572522925212979317
-682.51901625928780958929564803838730
-682.49950498745045024406863376498222
-682.47888561177910560218151658773422
-682.46066694280091269320109859108925
-682.44878638728789610468083992600441
-682.44556989626869381027063354849815
-682.44934415964098661788739264011383
-682.45445905548956488928524777293205
-682.45363240890389988635433837771416
-682.44224992501392534904880449175835
-682.42266713988499304832657799124718
-682.40254194919089059112593531608582
-682.38723042230105875205481424927711
-682.37534427693776706291828304529190
-682.36198092048152830102480947971344
-682.34470566070035602024290710687637
-682.32647283650555891654221341013908
-682.31411935773724053433397784829140
-682.31392999287743350578239187598228
-682.32649660104118538583861663937569
-682.34483612658721085608704015612602
-682.35852071385204453690676018595695
-682.36123355429992898280033841729164
-682.35595329844329626212129369378090
-682.35285843276142259128391742706299
-682.36019170436236436216859146952629
-682.37600390383818194095510989427567
-682.38908861535685446142451837658882
-682.38839778351382392429513856768608
-682.37278861108620731101837009191513
-682.35232948740429037570720538496971
-682.34014360197511450678575783967972
-682.34285830256612825905904173851013
-682.35748379420522269356297329068184
-682.37567122669679520186036825180054
-682.38998514452896415605209767818451
-682.39627880479838495375588536262512
-682.39216181228789537271950393915176
-682.37608426529845928598660975694656
-682.34962321817351948993746191263199
-682.31948448264768103399546816945076
-682.29475732613525451597524806857109
-682.28239554435253921838011592626572
-682.28513875180692593858111649751663
-682.30086920637472758244257420301437
-682.32253762973300581506919115781784
-682.34185686946580062794964760541916
-682.35530321340547743602655827999115
-682.36551852737625267764087766408920
-682.37755217614494540612213313579559
-682.39485627263923106511356309056282
-682.41806385392317224614089354872704
-682.44568984464410732471151277422905
-682.47475244430529528472106903791428
-682.50083230323355110158445313572884
-682.51838174324200281262164935469627
-682.52195193528336858435068279504776
-682.50934380588353178609395399689674
-682.48590445547688432270660996437073
-682.46466808090553968213498592376709
-682.45907014336432894197059795260429
-682.47326155716677931195590645074844
-682.49885090726797898241784423589706
-682.52096333080999102094210684299469
-682.52782201609932144492631778120995
-682.51726083349456075666239485144615
-682.49756144592686268879333510994911
-682.48188016933920607698382809758186
-682.47904725600369602034334093332291
-682.48809813345894781377865001559258
-682.50111970042325992835685610771179
-682.51112167853159462538314983248711
-682.51658725942411365394946187734604
-682.51901643376402262219926342368126
-682.51948506874896338558755815029144
-682.51849899530873244657414034008980
-682.51540661173896751279244199395180
-682.50643531490152327023679390549660
-682.48599697553618170786648988723755
-682.45083305830064546171342954039574
-682.40286644794093717791838571429253
-682.35003456382492004195228219032288
-682.30439917448052256077062338590622
-682.27653295295851876289816573262215
-682.27024214153038883523549884557724
-682.28221599469316061004064977169037
-682.30504775539100137393688783049583
-682.33076314514551086176652461290359
-682.35330616912949608376948162913322
-682.36881553595503646647557616233826
-682.37577649145839586708461865782738
-682.37649791431465473579009994864464
-682.37695756494156285043573006987572
-682.38278456316572828654898330569267
-682.39439135660825286322506144642830
-682.40704144836877276247832924127579
-682.41590122290062936372123658657074
-682.42013124622405939589953050017357
-682.42170300143448002927470952272415
-682.42122808138935852184658870100975
-682.41717965546502000506734475493431
-682.40904007975916556461015716195107
-682.39951165469710758770816028118134
-682.39329350282594077725661918520927
-682.39363478772156668128445744514465
-682.39985132189576688688248395919800
-682.40782370039346460544038563966751
-682.41298638131024745234753936529160
-682.41352551591512565209995955228806
-682.41199532760651891294401139020920
-682.41412647794049917138181626796722
-682.42371128097795462963404133915901
-682.43737657809685970278223976492882
-682.44635008229886352637549862265587
-682.44434343967452605284051969647408
-682.43272271905891557253198698163033
-682.41795674794093429227359592914581
-682.40506116527399171900469809770584
-682.39412687687092784472042694687843
-682.38284300152895411883946508169174
-682.37185954011772537342039868235588
-682.36673755840843114128801971673965
-682.37368890769187146361218765377998
-682.39405495594780859391903504729271
-682.42293813575338390364777296781540
-682.45202075513918771321186795830727
-682.47411748633101069572148844599724
-682.48640439087489539815578609704971
-682.49008897194778455741470679640770
-682.48780294270693502767244353890419
-682.48151894482543866615742444992065
-682.47136819379306871269363909959793
-682.45644614459342847112566232681274
-682.43830326259035246039275079965591
-682.42267553629642407031496986746788
-682.41603248989724761486286297440529
-682.42068124416812224808381870388985
-682.43276084609510689915623515844345
-682.44393366231963682366767898201942
-682.44584894468232505460036918520927
-682.43427919553232641192153096199036
-682.41019559814594686031341552734375
-682.37820860263013855728786438703537
-682.34439664775493383785942569375038
-682.31506332845765427919104695320129
-682.29604102339783366915071383118629
-682.29087151953444845275953412055969
-682.29827450869322547077899798750877
-682.31152527075278158008586615324020
-682.32117650218015114660374820232391
-682.32015684119528486917261034250259
-682.30840778793208301067352294921875
-682.29363169552289036801084876060486
-682.28637254583100002491846680641174
-682.29224914992903450183803215622902
-682.30865360011569009657250717282295
-682.32920893446089394274167716503143
-682.34997020228820474585518240928650
-682.37045271965860138152493163943291
-682.39030221436576084670377895236015
-682.40675112452879602642497047781944
-682.41635920800274561770493164658546
-682.41918521041520762082654982805252
-682.42022552399589585547801107168198
-682.42641382113788495189510285854340
-682.44177240701947084744460880756378
-682.46430913175242949364474043250084
-682.48759351622152280469890683889389
-682.50579467778391062893206253647804
-682.51728882154100119805661961436272
-682.52479579513646967825479805469513
-682.53266145412760579347377642989159
-682.54170173804209298396017402410507
-682.54646125781141563493292778730392
-682.54076862085059929086128249764442
-682.52524517646145341132069006562233
-682.50642620773862745409132912755013
-682.48967685787226855609333142638206
-682.47457085460291636991314589977264
-682.45651033647175154328579083085060
-682.43239074443977187911514192819595
-682.40474596589388056600000709295273
-682.38059899515178585716057568788528
-682.36594823421467026491882279515266
-682.36079020607007805665489286184311
-682.35956735897184444183949381113052
-682.35588646010478441894520074129105
-682.34615884644881589338183403015137
-682.33128087993372901109978556632996
-682.31660784415771558997221291065216
-682.30872432872456556651741266250610
-682.31123469945271153846988454461098
-682.32285725951328458904754370450974
-682.33794515331942420743871480226517
-682.34958878230747814086498692631721
-682.35489385352911995141766965389252
-682.35698937353640758374240249395370
-682.36095606697347193403402343392372
-682.36944999427953462145524099469185
-682.38136884467110121477162465453148
-682.39208714786798282148083671927452
-682.39640895933121100824791938066483
-682.39319656994530305382795631885529
-682.38630331526110239792615175247192
-682.38035825698113967519020661711693
-682.37554063023162598256021738052368
-682.36614156360246852273121476173401
-682.34521807693715800269274041056633
-682.31267745175102845678338780999184
-682.27933195732407511968631297349930
-682.26126810864639082865323871374130
-682.26820527090444556961301714181900
-682.29600932620292041974607855081558
-682.32889855009193524892907589673996
-682.34959788886260412255069240927696
-682.35071167415685522428248077630997
-682.33867259551755068969214335083961
-682.32774393075305852107703685760498
-682.32904564446539552591275423765182
-682.34220092242503596935421228408813
-682.35737334667214781802613288164139
-682.36778652886562213097931817173958
-682.37829495805203805502969771623611
-682.39846095870541375916218385100365
-682.42998315830982392071746289730072
-682.46335008697735702298814430832863
-682.48548303299287454137811437249184
-682.48956651401408635138068348169327
-682.47833696565976424608379602432251
-682.46064905253842880483716726303101
-682.44632776977505272952839732170105
-682.44232116603836857393616810441017
-682.44988752418498734186869114637375
-682.46367668518325899640331044793129
-682.47524934219211445451946929097176
-682.47907724280582897335989400744438
-682.47628724032392710796557366847992
-682.47310714310981438757153227925301
-682.47406986335136025445535778999329
-682.47627245182366095832549035549164
-682.47197714988806183100678026676178
-682.45688911280649335822090506553650
-682.43508846087047459150198847055435
-682.41572809511092145839938893914223
-682.40487284990319949429249390959740
-682.40076304013416574889561161398888
-682.39671062958154834632296115159988
-682.38792551295000521349720656871796
-682.37560054977348045213147997856140
-682.36521449027873131853993982076645
-682.36186615021233592415228486061096
-682.36679937746362156758550554513931
-682.37689031787112980964593589305878
-682.38737012789545133273350074887276
-682.39590092715263835998484864830971
-682.40392361689009703695774078369141
-682.41368297086432903597597032785416
-682.42350490794478901079855859279633
-682.42579291709841982083162292838097
-682.41248202748056428390555083751678
-682.38558312656630278070224449038506
-682.35954391445170585939195007085800
-682.34937551940538469352759420871735
-682.35873773952323517733020707964897
-682.38015806035798505035927519202232
-682.40359936112156447052257135510445
-682.42399994123127271450357511639595
-682.44126234610655501455767080187798
-682.45530528405356562871020287275314
-682.46338136163956278323894366621971
-682.46155753402183563594007864594460
-682.44840802090266151935793459415436
-682.42842491558451456512557342648506
-682.41196562471748165989993140101433
-682.40976591835362796700792387127876
-682.42495006151091274659847840666771
-682.44967551409683892416069284081459
-682.47036930628894424444297328591347
-682.47725806467497022822499275207520
-682.46980839215450487245107069611549
-682.45405221430803521798225119709969
-682.43583810730137884092982858419418
-682.41742225502071050868835300207138
-682.39941247201352325646439567208290
-682.38366731668031661683926358819008
-682.37343367376149672054452821612358
-682.37119533423356187995523214340210
-682.37676402328418134857201948761940
-682.38703670628024156030733138322830
-682.39684812095572397083742544054985
-682.40018521899196457525249570608139
-682.39230644366489286767318844795227
-682.37282284224704653752269223332405
-682.34773170046878476568963378667831
-682.32740168947429992840625345706940
-682.31986426832440884027164429426193
-682.32463281680202271672897040843964
-682.33389757495615413063205778598785
-682.34058105033682295470498502254486
-682.34469293118763744132593274116516
-682.35151817612916147481882944703102
-682.36514075559898628853261470794678
-682.38481470231113235058728605508804
-682.40643125753956610424211248755455
-682.42639956390598854341078549623489
-682.44386006398224253644002601504326
-682.46022405930489185266196727752686
-682.47721430807678189012221992015839
-682.49386717531353951926575973629951
-682.50591516737461006414378061890602
-682.50976027724095729354303330183029
-682.50619585945014478056691586971283
-682.49927375180834587808931246399879
-682.49240725232743898232001811265945
-682.48520011156222153658745810389519
-682.47377105675559505471028387546539
-682.45550207268320264120120555162430
-682.43361623360613066324731335043907
-682.41631907813678026286652311682701
-682.41111318229673088353592902421951
-682.41854586705824203818337991833687
-682.43052420020796944299945607781410
-682.43651857785664560651639476418495
-682.43232369451914109959034249186516
-682.42136321786267671996029093861580
-682.40859155257055590482195839285851
-682.39623718475854730058927088975906
-682.38473072869169300247449427843094
-682.37525765848204173380509018898010
-682.37077301659780914633302018046379
-682.37460859292423265287652611732483
-682.38784362242051884095417335629463
-682.40629975099795956339221447706223
-682.41916331593938593869097530841827
-682.41492362504573065962176769971848
-682.39270219088507474225480109453201
-682.36503780242844641179544851183891
-682.34677767449613838834920898079872
-682.34272766344599858712172135710716
-682.34589922875898082565981894731522
-682.34626314618424203217728063464165
-682.34178958167422024416737258434296
-682.33997794080926269089104607701302
-682.34929480075891206070082262158394
-682.37173271876019953197101131081581
-682.40128570555475562287028878927231
-682.42757380416912837972631677985191
-682.44289724019552068057237192988396
-682.44690038814019317214842885732651
-682.44434530542491756932577118277550
-682.43890522845595114631578326225281
-682.42962924410176128731109201908112
-682.41366731092568898020545020699501
-682.39205302491188831481849774718285
-682.37188836818779691384406760334969
-682.36261333848449339711805805563927
-682.36976648313304849580163136124611
-682.39162765241769648127956315875053
-682.42058524479080006130971014499664
-682.44648353294599019136512652039528
-682.46077744282501953421160578727722
-682.46086157091087898152181878685951
-682.45121746504605653171893209218979
-682.44035453311096262041246518492699
-682.43536345749168958718655630946159
-682.43724340471442246780497953295708
-682.44149507319127678783843293786049
-682.44319426532138095353730022907257
-682.44035513193330189096741378307343
-682.43334661082258207898121327161789
-682.42364228828523664560634642839432
-682.41383829708956909598782658576965
-682.40643340067458666453603655099869
-682.40187007365307181316893547773361
-682.39988493447265227587195113301277
-682.40239130531904265808407217264175
-682.41187026396812598250107839703560
-682.42566261358069823472760617733002
-682.43525240160226985608460381627083
-682.43387932010352869838243350386620
-682.42276286391086159710539504885674
-682.40889837166162124049151316285133
-682.39981315514341986272484064102173
-682.40112749493073351914063096046448
-682.41516092159952222573338076472282
-682.43918498600214661564677953720093
-682.46564021105984920723130926489830
-682.48540538588338222325546666979790
-682.49212994145352695340989157557487
-682.48489856632670580438571050763130
-682.46928814241721283906372264027596
-682.45695635312438298569759353995323
-682.45870782674671772838337346911430
-682.47277126283813686313806101679802
-682.48314910152146239852299913764000
-682.47302444831598222663160413503647
-682.43996908231088127649854868650436
-682.39773991519496121327392756938934
-682.36402214103418373269960284233093
-682.34864084714229193195933476090431
-682.35133936803993037756299600005150
-682.36650328456346414895961061120033
-682.38920581908985241170739755034447
-682.41643954360017687577055767178535
-682.44367332347940191539237275719643
-682.46459253064267613808624446392059
-682.47599740248881516890833154320717
-682.48119231885812041582539677619934
-682.48672248018499431054806336760521
-682.49556358917470788583159446716309
-682.50444828225658966402988880872726
-682.50748416240901406126795336604118
-682.50167079453842688963050022721291
-682.48916881036791437509236857295036
-682.47521992816621150268474593758583
-682.46442234325502340652747079730034
-682.45828308918237325997324660420418
-682.45569529946544662379892542958260
-682.45492986448687133815838024020195
-682.45423930798756373405922204256058
-682.45178541558686902135377749800682
-682.44717026474700105609372258186340
-682.44321857730653846374480053782463
-682.44414580173474860202986747026443
-682.45040725340982135094236582517624
-682.45655223189703519892645999789238
-682.45564758865691601386060938239098
-682.44548508326374758325982838869095
-682.43017578912690623837988823652267
-682.41646866956477879284648224711418
-682.40867553643624887627083808183670
-682.40578028459003689931705594062805
-682.40248940951198619586648419499397
-682.39354750915299518965184688568115
-682.37795117696532543050125241279602
-682.35962847496773520106216892600060
-682.34446299153535164805362001061440
-682.33674642818027678004000335931778
-682.33753780327560889418236911296844
-682.34528825193137890892103314399719
-682.35712235769244671246269717812538
-682.36936101810499621933558955788612
-682.37852454341862085129832848906517
-682.38363459582387804402969777584076
-682.38696028389244929712731391191483
-682.39134413955594027356710284948349
-682.39782291262986291258130222558975
-682.40619364703502469637896865606308
-682.41650637360828568489523604512215
-682.42873396890797721425769850611687
-682.44096586175203356106067076325417
-682.45005958412821200909093022346497
-682.45470479846744638052769005298615
-682.45663879442042798473266884684563
-682.45815245892458733578678220510483
-682.45868888094264548271894454956055
-682.45438426039595469774212688207626
-682.44086218624772754992591217160225
-682.41706277010143821826204657554626
-682.38784676929458328231703490018845
-682.36281075245699412334943190217018
-682.35022524209921357396524399518967
-682.35108055403838989150244742631912
-682.36043491303757946297992020845413
-682.37450234804771298513514921069145
-682.39464802472946303169010207056999
-682.42364591574948917696019634604454
-682.45861183390934456838294863700867
-682.48905928068222692672861739993095
-682.50313655113222921499982476234436
-682.49631655468363078398397192358971
-682.47471902993163439532509073615074
-682.45102430574547724972944706678391
-682.43677195550560554693220183253288
-682.43615564845754306588787585496902
-682.44507075770320625451859086751938
-682.45564830619059648597612977027893
-682.46175196441220123233506456017494
-682.46136554187057754461420699954033
-682.45590846900995529722422361373901
-682.44778359606027606787392869591713
-682.43866231217850781831657513976097
-682.42937162665702999220229685306549
-682.41873952399112113198498263955116
-682.40391860929935319290962070226669
-682.38491997758717388933291658759117
-682.36673085057384469109820201992989
-682.35568557797216726612532511353493
-682.35540941241436030395561829209328
-682.36513826274938310234574601054192
-682.37922944859667495620669797062874
-682.38911175394343899824889376759529
-682.38926528418096495443023741245270
-682.38259090952590213419171050190926
-682.37894853737316225306130945682526
-682.38741881580858716915827244520187
-682.40709619132462648849468678236008
-682.42525064207814011751906946301460
-682.42862418256106593617005273699760
-682.41672142720904048474039882421494
-682.40178745571483887033537030220032
-682.39613444662734309531515464186668
-682.40165168481405544298468157649040
-682.41085212998029874142957851290703
-682.41592593294581092777661979198456
-682.41496361195549980038776993751526
-682.40949768884286186221288517117500
-682.40156447912568182800896465778351
-682.39385119270605173369403928518295
-682.38898768655360527191078290343285
-682.38970353732747753383591771125793
-682.39943974490211076044943183660507
-682.41814294199593859957531094551086
-682.43730478377119652577675879001617
-682.44467785113874924718402326107025
-682.43619552462075716903200373053551
-682.42155618551191764709074050188065
-682.41669087002583182766102254390717
-682.43013781537297290924470871686935
-682.45573068062640231801196932792664
-682.47862899978554196422919631004333
-682.48879606193327163055073469877243
-682.48724539866577742941444739699364
-682.47948328159282027627341449260712
-682.46763711486164538655430078506470
-682.45135973900846693140920251607895
-682.43316180708006868371739983558655
-682.42009684578408723609754815697670
-682.41968527436893054982647299766541
-682.43452862256026492104865610599518
-682.45997344700583653320791199803352
-682.48612781885458389297127723693848
-682.50288466731217340566217899322510
-682.50443668885611714358674362301826
-682.49136134107141060667345300316811
-682.46972244567962206929223611950874
-682.44769058994302213250193744897842
-682.43153395425758844794472679495811
-682.42257124378670596342999488115311
-682.41709781363101683382410556077957
-682.40991219285672286787303164601326
-682.39791529472870479366974905133247
-682.38281404328233747946796938776970
-682.37233739853047609358327463269234
-682.37642224036608240567147731781006
-682.40018059828321383974980562925339
-682.43921303048648496769601479172707
-682.48103524633233973872847855091095
-682.51191636084433866926701739430428
-682.52444077831091817643027752637863
-682.52021163349468224623706191778183
-682.50677699637662954046390950679779
-682.49284564362039873230969533324242
-682.48380959604344297986244782805443
-682.47891683757688952027820050716400
-682.47287191535360761918127536773682
-682.46158797653254168835701420903206
-682.44712695285033987602218985557556
-682.43566283813174777606036514043808
-682.43067897074990924011217430233955
-682.43057105590730770927621051669121
-682.43158868394607452501077204942703
-682.43002569403768120537279173731804
-682.42293108191938699746970087289810
-682.41011924324402571073733270168304
-682.39514240102448638936039060354233
-682.38134707752021768101258203387260
-682.36776851499746499030152335762978
-682.35209739081278712546918541193008
-682.33648076842132468300405889749527
-682.32652590535406034177867695689201
-682.32422176872478303266689181327820
-682.32523081374279172450769692659378
-682.32458384212736746121663600206375
-682.32330169385829776729224249720573
-682.32687438938535251509165391325951
-682.33706946085055733419721946120262
-682.34859146545818475715350359678268
-682.35518213877833204605849459767342
-682.35663770228006796969566494226456
-682.35755156879918104095850139856339
-682.36101432897703489288687705993652
-682.36697296113516131299547851085663
-682.37424415292116464115679264068604
-682.38172270211634895531460642814636
-682.38926826056115260143997147679329
-682.39755035003474858967820182442665
-682.40661806604646244522882625460625
-682.41482042639700011932291090488434
-682.41931376773220563336508348584175
-682.41876431087348464643582701683044
-682.41599103503301648743217810988426
-682.41731461357278476498322561383247
-682.42877429791474241937976330518723
-682.45165583565778888441855087876320
-682.48061051962633882794762030243874
-682.50631857549603864754317328333855
-682.52050065421860836067935451865196
-682.51850728368560794478980824351311
-682.49962305348640256852377206087112
-682.46900633756808929319959133863449
-682.43893155324678900797152891755104
-682.42447716855588168982649222016335
-682.43402269916987279430031776428223
-682.46010449417633481061784550547600
-682.48124534657245021662674844264984
-682.47778271100855818076524883508682
-682.44809870092524306528503075242043
-682.40899624776739074150100350379944
-682.38077431502699710108572617173195
-682.37362950439933229063171893358231
-682.38485219911740387033205479383469
-682.40276853640261833788827061653137
-682.41462422630252149247098714113235
-682.41626597509150542464340105652809
-682.41410337058573531976435333490372
-682.41603996776393614709377288818359
-682.42291293188429790461668744683266
-682.42845826500456496432889252901077
-682.42463481748461617826251313090324
-682.40829502360179503739345818758011
-682.38529680493422802101122215390205
-682.36678802665369403257500380277634
-682.35965679303672004607506096363068
-682.36119185024722355592530220746994
-682.36363796577381890529068186879158
-682.36175979737595298502128571271896
-682.35512055479057380580343306064606
-682.34600570219299697782844305038452
-682.33701343923769400134915485978127
-682.33099487451443110330728814005852
-682.33301442915421830548439174890518
-682.34860225730960792134283110499382
-682.37666340882174154103267937898636
-682.40650772362323550623841583728790
-682.42507453911628090281737968325615
-682.42777427642545262642670422792435
-682.42176583849789039959432557225227
-682.41859910764617325185099616646767
-682.42609968420936183974845334887505
-682.44754240350903273792937397956848
-682.48247512328157426964025944471359
-682.52242311313602840527892112731934
-682.55017447671275476750452071428299
-682.55058297865127769910031929612160
-682.52419188595206378522561863064766
-682.48727471811344003072008490562439
-682.45601429267026105662807822227478
-682.43492494553584037930704653263092
-682.41979576509493199409916996955872
-682.40732694469102170842234045267105
-682.40030994032315447839209809899330
-682.40365574539453064062399789690971
-682.41657166033439807506510987877846
-682.42915282418198330560699105262756
-682.42818082783060162910260260105133
-682.40846504598778210493037477135658
-682.37847461183844188781222328543663
-682.35427168522971896891249343752861
-682.34779834813105026114499196410179
-682.35931760767880405182950198650360
-682.37839617333736441651126369833946
-682.39207140330699985497631132602692
-682.39492629593644323904300108551979
-682.39237975814489800541196018457413
-682.39242588994181915040826424956322
-682.39592219510211634769802913069725
-682.39775548469822297192877158522606
-682.39484719074789609294384717941284
-682.39050774750808159296866506338120
-682.39135635410832492198096588253975
-682.40073115558027438964927569031715
-682.41486542024642858450533822178841
-682.42510278442102844564942643046379
-682.42453094422899084747768938541412
-682.41334126080641908629331737756729
-682.39783982566677877912297844886780
-682.38426878909479000867577269673347
-682.37444435734312264685286208987236
-682.36639416532466384524013847112656
-682.35735355163421900215325877070427
-682.34700891812167355965357273817062
-682.33861823375696076254826039075851
-682.33638197384050272376043722033501
-682.34136311677400499320356175303459
-682.35069461315993066818919032812119
-682.36074529244774566905107349157333
-682.36930555340404680464416742324829
-682.37496913146219412737991660833359
-682.37750233730082527472404763102531
-682.37925808937552574207074940204620
-682.38359848337825042108306661248207
-682.39241656963940840796567499637604
-682.40656615157172382168937474489212
-682.42679844839074121409794315695763
-682.45225426971353499538963660597801
-682.47817214181020517571596428751945
-682.49692538340798364515649154782295
-682.50257283174232725286856293678284
-682.49469584726739412872120738029480
-682.47822896198988473770441487431526
-682.45966995585001768631627783179283
-682.44350321626575350819621235132217
-682.43241020422578912985045462846756
-682.42910435206533747987123206257820
-682.43513018719067986239679157733917
-682.44838288989001284789992496371269
-682.46399380676939472323283553123474
-682.47701942803416841343278065323830
-682.48374337687891966197639703750610
-682.48212831949831524980254471302032
-682.47193280012822924618376418948174
-682.45400291816258686594665050506592
-682.43017075272803140251198783516884
-682.40321973856896420329576358199120
-682.37511255643460117426002398133278
-682.34654088451395637093810364603996
-682.31949044147654603875707834959030
-682.29959919784323574276641011238098
-682.29440833552996537036960944533348
-682.30734264608111061534145846962929
-682.33321059608533687423914670944214
-682.36030080387274665554286912083626
-682.37785259298982509790221229195595
-682.38298636681690823024837300181389
-682.38018845551403046556515619158745
-682.37399863807456767972325906157494
-682.36534846120298425375949591398239
-682.35603362947733785404125228524208
-682.35170131705547191813820973038673
-682.35539332176381321914959698915482
-682.36159698614619628642685711383820
-682.36210116071333686704747378826141
-682.35499694218685817759251222014427
-682.34494713577066704601747915148735
-682.33759939443041275808354839682579
-682.33717781033249138999963179230690
-682.34664244721909653890179470181465
-682.36597466901059760857606306672096
-682.39070078370525607169838622212410
-682.41450331884595925657777115702629
-682.43311706965528173896018415689468
-682.44543666639674484031274914741516
-682.45335186415627504175063222646713
-682.46091365730467259709257632493973
-682.47097452054276800481602549552917
-682.48139997561941072490299120545387
-682.48569754894049310678383335471153
-682.47820895971403842850122600793839
-682.45931928780976249981904402375221
-682.43591590085304687818279489874840
-682.41599741342258766962913796305656
-682.40270650604725233279168605804443
-682.39293764839862888038624078035355
-682.38129787469711118319537490606308
-682.36799653334333015664014965295792
-682.36164833597888446092838421463966
-682.37076171876924490788951516151428
-682.39457046168718079570680856704712
-682.42312566062889800377888604998589
-682.44415305099244051234563812613487
-682.44966728890085505554452538490295
-682.43845505940396378719015046954155
-682.41560190121390405693091452121735
-682.39069357860489617451094090938568
-682.37350403358834682876477017998695
-682.36819458017350825684843584895134
-682.37237995928671807632781565189362
-682.38137469569073800812475383281708
-682.39078301837264461937593296170235
-682.39653362995409224822651594877243
-682.39608182149140702676959335803986
-682.39140665157447074307128787040710
-682.38864293639278457703767344355583
-682.39182885430523128889035433530807
-682.39902407116096583195030689239502
-682.40465383897765150322811678051949
-682.40367153069382766261696815490723
-682.39598600821580021147383376955986
-682.38803375345821677910862490534782
-682.38789599504343641456216573715210
-682.39893990188465977553278207778931
-682.41756589331851046154042705893517
-682.43474799646423889498692005872726
-682.44092222581855367025127634406090
-682.43239824799002235522493720054626
-682.41476213335204192844685167074203
-682.39897001693714173597982153296471
-682.39269545408581052470253780484200
-682.39707553686514529545092955231667
-682.40965519582334763981634750962257
-682.42611038849827309604734182357788
-682.44215120325543466606177389621735
-682.45582719580534103442914783954620
-682.46569548517936709686182439327240
-682.46811615675699158600764349102974
-682.45911399253736817627213895320892
-682.43875897050349976780125871300697
-682.41257365762737663317238911986351
-682.38862230429788269248092547059059
-682.37356891687136339896824210882187
-682.37129467786132863693637773394585
-682.38289993021351165225496515631676
-682.40459249107482264662394300103188
-682.42718058994103103032102808356285
-682.44135419916187856870237737894058
-682.44319869675530298991361632943153
-682.43604259226196973031619563698769
-682.42795100465036739478819072246552
-682.42709973758326214010594412684441
-682.43717079442842532444046810269356
-682.45262294386691337422234937548637
-682.46045039862156045273877680301666
-682.45019690926403654884779825806618
-682.42323256503630091174272820353508
-682.39225225765665072685806080698967
-682.37168844449229254678357392549515
-682.36775788773911699536256492137909
-682.37479455608524858689634129405022
-682.37978868243919805536279454827309
-682.37305850459097200655378401279449
-682.35700738700586498453048989176750
-682.34481040817547636834206059575081
-682.34949035466581790387863293290138
-682.37241836052260168798966333270073
-682.40075235791789509676164016127586
-682.41774138481241607223637402057648
-682.41715837073229522502515465021133
-682.40638344287310701474780216813087
-682.39669808490953073487617075443268
-682.39429061736086623568553477525711
-682.39993915256047785078408196568489
-682.41266293691262490028748288750648
-682.43004672505514918157132342457771
-682.44562280107652441074606031179428
-682.45057904187797248596325516700745
-682.44114370271370262344134971499443
-682.42355324636082514189183712005615
-682.41033382721320776909124106168747
-682.41101892258529915125109255313873
-682.42542120884752421261509880423546
-682.44524172314447696408024057745934
-682.46204408909670746652409434318542
-682.47234431574975133116822689771652
-682.47564478602964754827553406357765
-682.47184662775691776914754882454872
-682.46172063958033504604827612638474
-682.44657681426417639158898964524269
-682.42654206001475358789321035146713
-682.40116743270561983081279322504997
-682.37254279535613932239357382059097
-682.34693489019161916075972840189934
-682.33205628024154520971933379769325
-682.33212780818359988188603892922401
-682.34586685544240935996640473604202
-682.36820163898164537386037409305573
-682.39253755232664389041019603610039
-682.41302492525392153766006231307983
-682.42671457718972760631004348397255
-682.43333741162996375351212918758392
-682.43354006925108024006476625800133
-682.42906434097164947161218151450157
-682.42245728955356298683909699320793
-682.41356099960501069290330633521080
-682.39961662772350337036186829209328
-682.38025314538435850408859550952911
-682.36005297586245887941913679242134
-682.34599716564264326734701171517372
-682.34198245588072495593223720788956
-682.34654163377786062483210116624832
-682.35574194404887293785577639937401
-682.36703297984536220610607415437698
-682.38037123118715499003883451223373
-682.39575327434545215510297566652298
-682.41082509702607694634934887290001
-682.42297084905044357583392411470413
-682.43236464684696329641155898571014
-682.44083803167802670941455289721489
-682.44950610316993788728723302483559
-682.45901876523407736385706812143326
-682.47001871712495812971610575914383
-682.48167949790104103158228099346161
-682.49082636206310326087987050414085
-682.49336080438206408871337771415710
-682.48693135158669065276626497507095
-682.47288911336772798676975071430206
-682.45612801646643674757797271013260
-682.44180275313658512459369376301765
-682.43073735316693273489363491535187
-682.41920164285556893446482717990875
-682.40368599684177297604037448763847
-682.38452845780295774602564051747322
-682.36528056166082478739554062485695
-682.34978520507570465269964188337326
-682.34144843955709802685305476188660
-682.34414783447550689743366092443466
-682.35751365602538953680777922272682
-682.37302565536822385183768346905708
-682.38132407435705317766405642032623
-682.38198679574770721956156194210052
-682.38412496832154374715173617005348
-682.39648240408973833837080746889114
-682.41688974520297961134929209947586
-682.43215836527053852478275075554848
-682.42900987773805354663636535406113
-682.40751054021234267565887421369553
-682.38315666965922900999430567026138
-682.37258842786548029835103079676628
-682.37910997567939830332761630415916
-682.39310730080308076139772310853004
-682.40309884125633743678918108344078
-682.40548186991861712158424779772758
-682.40422208178961227531544864177704
-682.40264803276056682079797610640526
-682.39863927964495360356522724032402
-682.38843574465170149778714403510094
-682.37322673878998102736659348011017
-682.36062749655116022040601819753647
-682.35782328392031104158377274870872
-682.36446319228014090185752138495445
-682.37537029041527603112626820802689
-682.38776074693646478408481925725937
-682.40284715666734882688615471124649
-682.42234901077654285472817718982697
-682.44543602788337466336088255047798
-682.46696908603064457565778866410255
-682.47806493577263609040528535842896
-682.47112615169191940367454662919044
-682.44635906442454142961651086807251
-682.41375739977127068414120003581047
-682.38796158937975633307360112667084
-682.37916253361208873684518039226532
-682.38669982976057326595764607191086
-682.40178594960582358908141031861305
-682.41678025472810986684635281562805
-682.42908913427243078331230208277702
-682.43724860008273935818579047918320
-682.43871237800283324759220704436302
-682.43220369735468011640477925539017
-682.41967274551450373110128566622734
-682.40545909993090845091501250863075
-682.39449536609561164368642494082451
-682.39087335065721617866074666380882
-682.39593585319425983470864593982697
-682.40711243902410387818235903978348
-682.41916260579091613180935382843018
-682.42750080062864981300663203001022
-682.43160731218176806578412652015686
-682.43536656701837728178361430764198
-682.44386035209561214287532493472099
-682.45881674143697637191507965326309
-682.47583392993499273870838806033134
-682.48626362858590255200397223234177
-682.48314308926205740135628730058670
-682.46629473036136914743110537528992
-682.44252448118515985697740688920021
-682.42128405215566999686416238546371
-682.40804308207464146107668057084084
-682.40039832078161907702451571822166
-682.39150634725785948830889537930489
-682.37782653202555138705065473914146
-682.36339321021239356923615559935570
-682.35663128236444663343718275427818
-682.36265015672620393161196261644363
-682.37823741154375056794378906488419
-682.39426213103615737054497003555298
-682.40224070922670307481894269585609
-682.39878957050325425370829179883003
-682.38669317726817098446190357208252
-682.37363724851149981986964121460915
-682.36750587013227686838945373892784
-682.37000784167923939094180241227150
-682.37525582847274563391692936420441
-682.37613985687175954808481037616730
-682.37167248657578966231085360050201
-682.36687885253081731207203119993210
-682.36719366114766671671532094478607
-682.37559700331371459469664841890335
-682.39287204388961072254460304975510
-682.41580984467532289272639900445938
-682.43569840320117236842634156346321
-682.44271421249970899225445464253426
-682.43334460900780413794564083218575
-682.41405939989112994226161390542984
-682.39761437976665092719485983252525
-682.39350919436412823415594175457954
-682.39952841330455157731194049119949
-682.40178018829556094715371727943420
-682.38548859085722142481245100498199
-682.34977735768336515320697799324989
-682.31187342803730189189082011580467
-682.29367914196200217702426016330719
-682.30469133880171739292563870549202
-682.33718633738169501157244667410851
-682.37329598480857839604141190648079
-682.39695485526203810877632349729538
-682.40315655879328460287069901823997
-682.39847266616982324194395914673805
-682.39353564135990382055751979351044
-682.39480080337136769230710342526436
-682.40300184832926788658369332551956
-682.41656588587591159011935815215111
-682.43168096203078221151372417807579
-682.44044361337876125617185607552528
-682.43485126057316847436595708131790
-682.41486682005563579878071323037148
-682.39236395397347223479300737380981
-682.38462958569402871944475919008255
-682.40060541068612565140938386321068
-682.43406170577168268209788948297501
-682.46976620418877246265765279531479
-682.49380597658523583959322422742844
-682.49974969982338279805844649672508
-682.48838030751892347325338050723076
-682.46414207677150898234685882925987
-682.43340827475935839174780994653702
-682.40402327729043463477864861488342
-682.38304934444215632538544014096260
-682.37346405613288879976607859134674
-682.37373905050571920583024621009827
-682.38029838052023023919900879263878
-682.38920895793205545487580820918083
-682.39770792740785054775187745690346
-682.40644642268296138354344293475151
-682.41856256665630553470691666007042
-682.43499060598821870371466502547264
-682.45185772710476612701313570141792
-682.46379045682715513976290822029114
-682.46990306188229169492842629551888
-682.47518070360513320338213816285133
-682.48495115912226083310088142752647
-682.49906844952454321173718199133873
-682.51115229591493971383897587656975
-682.51282076802874598797643557190895
-682.50000330493696765188360586762428
-682.47555569062762970133917406201363
-682.44680735763552092976169660687447
-682.42189712465949469333281740546227
-682.40642563958044775063171982765198
-682.40144795544620137661695480346680
-682.40361127690391640499001368880272
-682.40621848442299324233317747712135
-682.40109938575767500879010185599327
-682.38323798793146579555468633770943
-682.35630915204694701969856396317482
-682.33267744109059549373341724276543
-682.32561610974585164512973278760910
-682.33998508522495285433251410722733
-682.36899019220754780690185725688934
-682.39904950755271784146316349506378
-682.41864263857996775186620652675629
-682.42373643173289110563928261399269
-682.41708969250328209454892203211784
-682.40532099326185289100976660847664
-682.39608336535945909417932853102684
-682.39452077698547327599953860044479
-682.40043015322487462981371209025383
-682.40787902286365351756103336811066
-682.40791854934377624886110424995422
-682.39509844903170687757665291428566
-682.37328102282151576218893751502037
-682.35412123259129657526500523090363
-682.34928572941123547934694215655327
-682.36308661874852532491786405444145
-682.38966511345245180564234033226967
-682.41653030005784330569440498948097
-682.43286220301365574414376169443130
-682.43522214184042695706011727452278
-682.42746533354488747136201709508896
-682.41720820891646326344925910234451
-682.40998034867322985519422218203545
-682.40598471205839814501814544200897
-682.40254228235949085501488298177719
-682.39771897672221712127793580293655
-682.39154839703928701055701822042465
-682.38591223924061068828450515866280
-682.38362827798823673219885677099228
-682.38604974803001823602244257926941
-682.39137704549841600965010002255440
-682.39678767689008509478298947215080
-682.40232607773145900864619761705399
-682.41087846104210257180966436862946
-682.42334563720226014993386343121529
-682.43489791767490260099293664097786
-682.43754333187871452537365257740021
-682.42788182492301984893856570124626
-682.41150464860595548088895156979561
-682.39789414897722963360138237476349
-682.39122613239271686325082555413246
-682.38700954760656713915523141622543
-682.37828998009865699714282527565956
-682.36378165783605709293624386191368
-682.34979601764871404157020151615143
-682.34710440263484088063705712556839
-682.36526525836063683527754619717598
-682.40494701488580631121294572949409
-682.45400276840462083782767876982689
-682.49319144924527336115716025233269
-682.50721254484767541725886985659599
-682.49196002040696384938200935721397
-682.45495287567769082670565694570541
-682.41101083506896429753396660089493
-682.37580682270743182016303762793541
-682.35951283397912447981070727109909
-682.36265240991815517190843820571899
-682.37631736064759024884551763534546
-682.38754917482015116547700017690659
-682.38722306630268121807603165507317
-682.37558634499487197899725288152695
-682.36177793995148022077046334743500
-682.35760876937524699314963072538376
-682.36989321146916154248174279928207
-682.39613339436562000628327950835228
-682.42560158051537655410356819629669
-682.44477972764389051008038222789764
-682.44447946174875596625497564673424
-682.42549086930591784039279446005821
-682.39926540870203552913153544068336
-682.38127146373119558120379224419594
-682.38112249739685921667842194437981
-682.39778191880623126053251326084137
-682.42185462427516995376208797097206
-682.44118753735176596819655969738960
-682.44723832052227407984901219606400
-682.44017348896716157469199970364571
-682.42999687967335376015398651361465
-682.43110181990107321325922384858131
-682.45028479117456754465820267796516
-682.47881578772239663521759212017059
-682.49927621893823470600182190537453
-682.49982591010689247923437505960464
-682.48215621189274315838702023029327
-682.45770654106274832884082570672035
-682.43716181092213446390815079212189
-682.42357701055232155340490862727165
-682.41376812158205211744643747806549
-682.40425667799183884199010208249092
-682.39606040451860735629452392458916
-682.39430032230688993877265602350235
-682.40393631844392530183540657162666
-682.42571723646119608019944280385971
-682.45439539466042333515360951423645
-682.48045545435252279276028275489807
-682.49546620442447419918607920408249
-682.49741739372291249310364946722984
-682.49115590290978161647217348217964
-682.48355396672855022188741713762283
-682.47809332937595172552391886711121
-682.47260646560550867434358224272728
-682.46092659548776282463222742080688
-682.43781869806514350784709677100182
-682.40438358228004744887584820389748
-682.36904184670402173651382327079773
-682.34121130568678381678182631731033
-682.32333552324803349620196968317032
-682.31036992730048496014205738902092
-682.29661137404252713167807087302208
-682.28262674308007262879982590675354
-682.27566058265529136406257748603821
-682.28358175890878101199632510542870
-682.30847417104212127014761790633202
-682.34465149435709463432431221008301
-682.38221134525088018563110381364822
-682.41329665894045319873839616775513
-682.43547323552593297790735960006714
-682.44961889700050505780382081866264
-682.45574524461221699311863631010056
-682.45225602039977275126148015260696
-682.43997279230745789391221478581429
-682.42585939435400632646633312106133
-682.42040966016645597846945747733116
-682.42926110437929310137405991554260
-682.44712282296291050442960113286972
-682.46167859946274347748840227723122
-682.46487805172114349261391907930374
-682.46022630608615600067423656582832
-682.45823751244438426510896533727646
-682.46489405974796227383194491267204
-682.47630123092085341340862214565277
-682.48469704648425704363035038113594
-682.48715042390892904222710058093071
-682.48741614747143557906383648514748
-682.49149067992300388141302391886711
-682.50279594750531941826920956373215
-682.51925430566177510627312585711479
-682.53296296056680603214772418141365
-682.53264068613759718573419377207756
-682.50962643907382698671426624059677
-682.46565748785099003725918009877205
-682.41479322903171578218461945652962
-682.37511116899952412495622411370277
-682.35579694231273606419563293457031
-682.35167973894351689523318782448769
-682.35040400870536814181832596659660
-682.34518891670609264110680669546127
-682.34118268976851595652988180518150
-682.34908514975018078985158354043961
-682.37300062341171269508777186274529
-682.40406002153815734345698729157448
-682.42523673569428410701220855116844
-682.42369479697617862257175147533417
-682.40053266029917722335085272789001
-682.36990891204993658902822062373161
-682.34785155952874902141047641634941
-682.34093423175977477512788027524948
-682.34533389808314041147241368889809
-682.35462043922211705648805946111679
-682.36643734279323325608856976032257
-682.38250528113076143199577927589417
-682.40466310858369070047046989202499
-682.43112785096457173494854941964149
-682.45526429757444475399097427725792
-682.46865560566959629795746877789497
-682.46633964239254055428318679332733
-682.44951742390060189791256561875343
-682.42458869857728132046759128570557
-682.40000948778367728664306923747063
-682.38191828264609739562729373574257
-682.37109684268466480716597288846970
-682.36471637377906063193222507834435
-682.36100303371495101600885391235352
-682.36159063788909406866878271102905
-682.37043481229261487897019833326340
-682.39103733321815070667071267962456
-682.42279670566779259388567879796028
-682.45957655723952939297305420041084
-682.49338223441259287938009947538376
-682.51874988686813594540581107139587
-682.53278104717230689857387915253639
-682.53420284757987701595993712544441
-682.52426029723835654294816777110100
-682.50567630103444116684840992093086
-682.48080045049357522657373920083046
-682.45169968788479764043586328625679
-682.42145038287583247438305988907814
-682.39422146571246230450924485921860
-682.37269905028097127797082066535950
-682.35705129872326324402820318937302
-682.34752753071563802222954109311104
-682.34590810854183473566081374883652
-682.35340388961651569843525066971779
-682.36799963248427047801669687032700
-682.38485582604062074096873402595520
-682.39962507661391555302543565630913
-682.41092443031482162041356787085533
-682.41952891012317650165641680359840
-682.42559356091794597887201234698296
-682.42714897356017900165170431137085
-682.42143469924189957964699715375900
-682.40698737317143240943551063537598
-682.38458286134925856458721682429314
-682.35824166977590721216984093189240
-682.33655825306595943402498960494995
-682.33018574597087990696309134364128
-682.34358304775594206148525699973106
-682.36979789640042781684314832091331
-682.39501466639671889424789696931839
-682.40785099504034860729007050395012
-682.40643955185214508674107491970062
-682.39843499114840597030706703662872
-682.39371428367064709163969382643700
-682.39658418697524666640674695372581
-682.40555570963942955131642520427704
-682.41910658631240949034690856933594
-682.43775337832619243272347375750542
-682.46043597800451152579626068472862
-682.48199366771098084427649155259132
-682.49536686838985133363166823983192
-682.49696474278118785150581970810890
-682.49030016104552487377077341079712
-682.48248002386264943197602406144142
-682.47724111610352792922640219330788
-682.47328174822098389995517209172249
-682.46754930926738325069891288876534
-682.45961937547144771087914705276489
-682.45378919276458873355295509099960
-682.45517157895073978579603135585785
-682.46246866034096001385478302836418
-682.46615727117523420020006597042084
-682.45636083141573635657550767064095
-682.43353551772770515526644885540009
-682.40993342273588950774865224957466
-682.39856927911250750184990465641022
-682.40141902793482131528435274958611
-682.40878688261295792472083121538162
-682.40856910689194592123385518789291
-682.39571268588554175948956981301308
-682.37497558997370106226298958063126
-682.35684658439538452512351796030998
-682.34958159408927258482435718178749
-682.35385340465506942564388737082481
-682.36449649971802955406019464135170
-682.37502005489170642249519005417824
-682.38111158029528269253205507993698
-682.38275490839805570431053638458252
-682.38377386991339790256461128592491
-682.38906820654449347784975543618202
-682.39995599908820622658822685480118
-682.41078958108266760973492637276649
-682.41274282131917061633430421352386
-682.40209852374528054497204720973969
-682.38399350305803636729251593351364
-682.37001522818025023298105224967003
-682.37177117582223218050785362720490
-682.39307724923412479256512597203255
-682.42693878938018769986229017376900
-682.45915528135924432717729359865189
-682.47634312005527590372366830706596
-682.47385430278711737628327682614326
-682.45750357297299615311203524470329
-682.43809130685781383363064378499985
-682.42416332859806971100624650716782
-682.41775286057975336007075384259224
-682.41516637199629258248023688793182
-682.41309470393571245949715375900269
-682.41246806748119979602051898837090
-682.41481456788278592284768819808960
-682.41943209717237550648860633373260
-682.42555893668406952201621606945992
-682.43437747495579515089048072695732
-682.44676957024580588040407747030258
-682.45963391205395964789204299449921
-682.46598724968873739271657541394234
-682.45904426826643884851364418864250
-682.43765631012684025336056947708130
-682.40913378661628030386054888367653
-682.38585941552685198985273018479347
-682.37674424137367168441414833068848
-682.38097315936374798184260725975037
-682.38988085035646236065076664090157
-682.39434564588634657411603257060051
-682.39148330407397224917076528072357
-682.38637015294364118744852021336555
-682.38774643320459745154948905110359
-682.40110874615004377119475975632668
-682.42465933792630039533833041787148
-682.45081490770030541170854121446609
-682.47101563726050699187908321619034
-682.47860507052291723084636032581329
-682.46937058882963356154505163431168
-682.44374948291704185976414009928703
-682.40922705173545637080678716301918
-682.37787150439055494643980637192726
-682.35979919574242558155674487352371
-682.35800179631871742458315566182137
-682.36762422635001712478697299957275
-682.37930110391255311697022989392281
-682.38527322026698129775468260049820
-682.38490982394876027683494612574577
-682.38444743621948873624205589294434
-682.39041529465623625583248212933540
-682.40257867571085625968407839536667
-682.41312909885175486124353483319283
-682.41362561585151524923276156187057
-682.40243020876835089438827708363533
-682.38599349654998604819411411881447
-682.37480782872592044441262260079384
-682.37631405109914339846000075340271
-682.38995313815189547312911599874496
-682.40882180045991844963282346725464
-682.42543866591267942567355930805206
-682.43646741523252785555087029933929
-682.44351654206570856331381946802139
-682.44981088536678726086392998695374
-682.45534787876238169701537117362022
-682.45617796653345976665150374174118
-682.44961624597681293380446732044220
-682.43887716053666281368350610136986
-682.43099999189644222497008740901947
-682.43012718238776415091706439852715
-682.43323333023738541669445112347603
-682.43204041987974051153287291526794
-682.41890656170539841696154326200485
-682.39280435201192176464246585965157
-682.36136367999608864920446649193764
-682.33643143382596463197842240333557
-682.32630394302475451695499941706657
-682.33110725184542388888075947761536
-682.34456175475361305871047079563141
-682.35990172055528546479763463139534
-682.37428797867426055745454505085945
-682.38708136749448840419063344597816
-682.39521271662260915036313235759735
-682.39423586562725176918320357799530
-682.38496714168809376133140176534653
-682.37688520476524445257382467389107
-682.38250550940699667989974841475487
-682.40680539756658617989160120487213
-682.44227985203281150461407378315926
-682.47377178808574171853251755237579
-682.48789776339390300563536584377289
-682.48150148218655886012129485607147
-682.46386368338664851762587204575539
-682.44951645025321340654045343399048
-682.44779917870232566201593726873398
-682.45812998437043006560998037457466
-682.47302429865794692886993288993835
-682.48413686757010054861893877387047
-682.48595246621846399648347869515419
-682.47678328086419696774100884795189
-682.45862320754270058387191966176033
-682.43563573111578079988248646259308
-682.41189983085348558233818039298058
-682.39094492765320865146350115537643
-682.37769677411449720239033922553062
-682.37808846299276410718448460102081
-682.39309660223341325036017224192619
-682.41380456392641917773289605975151
-682.42529564512039996770909056067467
-682.41775494807359336846275255084038
-682.39554231952843110775575041770935
-682.37543281717978516098810359835625
-682.37398089168539172533201053738594
-682.39346232561160832119639962911606
-682.41840437672976804606150835752487
-682.42738492431863051024265587329865
-682.41152679927915869484422728419304
-682.38387705211414413497550413012505
-682.36952892258580050111049786210060
-682.38536330613226255081826820969582
-682.42774633620331314887152984738350
-682.47451602647186064132256433367729
-682.49926798962508200929732993245125
-682.48965119064791906566824764013290
-682.45518080651129366742679849267006
-682.41781804557456325710518285632133
-682.39443176803763435600558295845985
-682.38686514584787801140919327735901
-682.38585903746786698320647701621056
-682.38187524083525659079896286129951
-682.37230633878175467543769627809525
-682.36117944416173486388288438320160
-682.35472656597289642377290874719620
-682.35693505242443279712460935115814
-682.36733974799642510333796963095665
-682.38167697127084920794004574418068
-682.39360249259152624290436506271362
-682.39665402560035545320715755224228
-682.38758696800516645453171804547310
-682.36863861921892748796381056308746
-682.34656711156469555135117843747139
-682.32926784262394903635140508413315
-682.32129990291741705732420086860657
-682.32225583126967194402823224663734
-682.32920078663528329343535006046295
-682.33925043922386066697072237730026
-682.35099214001934342377353459596634
-682.36533360016073856968432664871216
-682.38353545263225896633230149745941
-682.40293114789983519585803151130676
-682.41681333621897920238552615046501
-682.41931215964939383411547169089317
-682.40897431773873904603533446788788
-682.38963712840711650642333552241325
-682.36995078419829496851889416575432
-682.35970132006900712440256029367447
-682.36365199875035614240914583206177
-682.37875145708881063910666853189468
-682.39835165161457553040236234664917
-682.41887654043091515632113441824913
-682.44087290329605366423493251204491
-682.46403718705721530568553134799004
-682.48321022050288320315303280949593
-682.49025137112971606256905943155289
-682.48054302213495247997343540191650
-682.45715519476846111501799896359444
-682.42768164629296734347008168697357
-682.39917551598330192064167931675911
-682.37742717909134171350160613656044
-682.36668500791427049989579245448112
-682.36676017151125961390789598226547
-682.37292561563504023069981485605240
-682.37957790357859266805462539196014
-682.38234360978174208867130801081657
-682.37860189292973700503353029489517
-682.36935610144530528486939147114754
-682.36038729504502953204791992902756
-682.35926559088068188430042937397957
-682.36969204905460628651781007647514
-682.38820876572458473674487322568893
-682.40640534038811892969533801078796
-682.41732039754356264893431216478348
-682.42047420910773780633462592959404
-682.42025971274097173591144382953644
-682.42012033718992825015448033809662
-682.41933054323101259797113016247749
-682.41429735964902647538110613822937
-682.40235364128920991788618266582489
-682.38481058064076023583766072988510
-682.36648758558317240385804325342178
-682.35306178125279075175058096647263
-682.34828681704345854086568579077721
-682.35242622647808730107499286532402
-682.36408978254564772214507684111595
-682.38191453823139909218298271298409
-682.40194472805683290062006562948227
-682.41718023231510414916556328535080
-682.42372215841021443338831886649132
-682.42503498593146105122286826372147
-682.42724003418925349251367151737213
-682.43127555762919200788019225001335
-682.43079361222794432251248508691788
-682.41821945872152355150319635868073
-682.39329188031160811078734695911407
-682.36526605210906382126267999410629
-682.34751135606131811073282733559608
-682.35117754538043755019316449761391
-682.38083155314473060570890083909035
-682.43015701183480814506765455007553
-682.48292776528751346631906926631927
-682.52309260297715809429064393043518
-682.54472782373159134294837713241577
-682.55301744871223945665406063199043
-682.55652649700994061277015134692192
-682.55864665450690154102630913257599
-682.55619838851032454840606078505516
-682.54369906345493745902786031365395
-682.51828566869198766653425991535187
-682.48173771825975109095452353358269
-682.43923911359161138534545898437500
-682.39829345279736116935964673757553
-682.36794327033555873640580102801323
-682.35334001966839423403143882751465
-682.34898167514347733231261372566223
-682.34201561322265661146957427263260
-682.32375466633561700291465967893600
-682.29783930768473965144949033856392
-682.27864075797356235852930694818497
-682.28009837660067660181084647774696
-682.30333338599223225173773244023323
-682.33498662428462466778000816702843
-682.35843532411558953754138201475143
-682.36792712023589047021232545375824
-682.37201650067549962841439992189407
-682.38179038178759583388455212116241
-682.39752241642759145179297775030136
-682.40837822280741420399863272905350
-682.40388475005295276787364855408669
-682.38611009594592360372189432382584
-682.36977108609153219731524586677551
-682.36935814497269348066765815019608
-682.38748884461540455959038808941841
-682.41404030143678483000257983803749
-682.43393269554110247554490342736244
-682.43901975368112289288546890020370
-682.43495883329762818902963772416115
-682.43363548135903329239226877689362
-682.43888231497066954034380614757538
-682.44280075981225763825932517647743
-682.43590935782299311540555208921432
-682.41899540578617688879603520035744
-682.40290616046513605397194623947144
-682.39753942205788916908204555511475
-682.40296238896303293586242944002151
-682.41090433440547258214792236685753
-682.41422476698915033921366557478905
-682.41314004197909071081085130572319
-682.41329155847654419630998745560646
-682.42027434493650162039557471871376
-682.43419265149134389503160491585732
-682.44826423290260208887048065662384
-682.45359892194028361700475215911865
-682.44579246539115047198720276355743
-682.42711489562157112231943756341934
-682.40312742245782828831579536199570
-682.37849034747227960906457155942917
-682.35696541220704602892510592937469
-682.34348445419152540125651285052299
-682.34088395457865772186778485774994
-682.34380413782912455644691362977028
-682.34044725226260652561904862523079
-682.32159916931402676709694787859917
-682.29081114756957049394259229302406
-682.26687671845058957842411473393440
-682.26929508550790615117875859141350
-682.30150664545442396047292277216911
-682.34880378484228913293918594717979
-682.38800413662238497636280953884125
-682.40363229871763905975967645645142
-682.39725396785388511489145457744598
-682.38079482446175916265929117798805
-682.36653268103373193298466503620148
-682.36324766787697626568842679262161
-682.37406826662913772452156990766525
-682.39629257540639173384988680481911
-682.42337242242979300499428063631058
-682.44676130027926319598918780684471
-682.45822392657794352999189868569374
-682.45299296923053589125629514455795
-682.43290604583228287083329632878304
-682.40761853796493596746586263179779
-682.39022259393357217049924656748772
-682.38839628766265832382487133145332
-682.39960139374773007148178294301033
-682.41482420527393060183385387063026
-682.42508608313073636963963508605957
-682.42492309140709494386101141571999
-682.41395058837088072323240339756012
-682.39721200333065098675433546304703
-682.38204351167644290399039164185524
-682.37455992855200292979134246706963
-682.37920037157800834393128752708435
-682.39808095798809972620802000164986
-682.42826017344543743092799559235573
-682.45976497706112695595948025584221
-682.47801516223546514083864167332649
-682.47174218023758385243127122521400
-682.44172445407559735031099990010262
-682.40176969859430755604989826679230
-682.36913369065382539702113717794418
-682.35407533311558836430776864290237
-682.35611003813596653344575315713882
-682.36623501352255516394507139921188
-682.37393015420639130752533674240112
-682.37361361440741802653064951300621
-682.36598730039168003713712096214294
-682.35672869000381979276426136493683
-682.35413626407705578458262607455254
-682.36433317245098351122578606009483
-682.38638201588139509112806990742683
-682.41162474278928584681125357747078
-682.42856390410759104270255193114281
-682.43170599130507980589754879474640
-682.42684555588937200809596106410027
-682.42578124594933797197882086038589
-682.43574817871206050767796114087105
-682.45449581747470801929011940956116
-682.47345160907707395381294190883636
-682.48457642326934546872507780790329
-682.48581573845865477778716012835503
-682.48068364237667537963716313242912
-682.47428890917376520519610494375229
-682.47088448120746306813089177012444
-682.47130597993657374900067225098610
-682.47045237922270644048694521188736
-682.46021782183800041821086779236794
-682.43715236769560306129278615117073
-682.40758201244227620918536558747292
-682.38439773418815548211568966507912
-682.37725821241065204958431422710419
-682.38522753203699267032789066433907
-682.39851807000104599865153431892395
-682.40690650014448692672885954380035
-682.40743098128780275146709755063057
-682.40558695360584806621773168444633
-682.40980420203845824289601296186447
-682.42458581758614855061750859022141
-682.44763004494268443522742018103600
-682.47137009710809252283070236444473
-682.48728239959950769843999296426773
-682.49130862830133992247283458709717
-682.48630701160038825037190690636635
-682.47860093526151104015298187732697
-682.47290257788517919834703207015991
-682.47055229335728654405102133750916
-682.47053054337573030352359637618065
-682.47041594873621761507820338010788
-682.46602709774663253483595326542854
-682.45192672352516183309489861130714
-682.42589628892926612024893984198570
-682.39501275276938940805848687887192
-682.37332737500378243566956371068954
-682.36983211980771102389553561806679
-682.38091266551168700971174985170364
-682.39440914468138998927315697073936
-682.39956619347094601835124194622040
-682.39471411265492406528210267424583
-682.38717601579742222384084016084671
-682.38654178901197155937552452087402
-682.39721783871539173560449853539467
-682.41573674779306202253792434930801
-682.43408239890936783922370523214340
-682.44545772501794544950826093554497
-682.44809056255269297253107652068138
-682.44474465869348023261409252882004
-682.43903862595232112653320655226707
-682.43284529301604379725176841020584
-682.42658733988503172440687194466591
-682.42063242553422242053784430027008
-682.41587118469078632188029587268829
-682.41222910029273407417349517345428
-682.40749116569054422143381088972092
-682.40006278027988173562334850430489
-682.39267597927459974016528576612473
-682.39056549038502907933434471487999
-682.39480723668407335935626178979874
-682.40004812290203517477493733167648
-682.40014547554073942592367529869080
-682.39350197325939006987027823925018
-682.38288794389950453478377312421799
-682.37316613966765999066410586237907
-682.36951257593841546622570604085922
-682.37533487837322354607749730348587
-682.38967929181683302886085584759712
-682.40610971400110429385676980018616
-682.41599177126511222013505175709724
-682.41527366860054826247505843639374
-682.40830989411165319324936717748642
-682.40422405917547621356789022684097
-682.40880871668434792809421196579933
-682.41901231528436255757696926593781
-682.42580733786917335237376391887665
-682.42458063765457154659088701009750
-682.42144611985577284940518438816071
-682.42563924838350430945865809917450
-682.43752735463010594685329124331474
-682.44646328894691578170750290155411
-682.43865210493538597802398726344109
-682.40794697761452880513388663530350
-682.36198821365883304679300636053085
-682.31853764326160671771503984928131
-682.29397873568393606547033414244652
-682.29352567969340270792599767446518
-682.31016545499494441173737868666649
-682.33070726957907936593983322381973
-682.34394110043228920403635129332542
-682.34707431579784042696701362729073
-682.34689973316483246890129521489143
-682.35384757390363574813818559050560
-682.37320682008430594578385353088379
-682.40078390610335645760642364621162
-682.42552149937239391874754801392555
-682.43678245216472078027436509728432
-682.43138922052867201273329555988312
-682.41425971055787158547900617122650
-682.39271200403550210467074066400528
-682.37183056333560671191662549972534
-682.35371358541499375860439613461494
-682.33859559998484201059909537434578
-682.32714059610975709802005439996719
-682.32243349112548003176925703883171
-682.32867137769403598213102668523788
-682.34586771164606489037396386265755
