10179
-3.58339692781049468095488919061609
-3.58139512814951643804306513629854
-3.57939515136953367857586272293702
-3.57739598739267261606755710090511
-3.57539336833607279686475521884859
-3.57339746340996144979840209998656
-3.57139607936672343058148726413492
-3.56939417657119317794922608300112
-3.56739505932628242490523007290903
-3.56539778744676505439770153316204
-3.56339429876775470873440099239815
-3.56139460112806194302947915275581
-3.55939363456577950728387804701924
-3.55739679618121629189886334643234
-3.55539552502729527816427435027435
-3.55339652746249656800614502571989
-3.55139360845320162241023353999481
-3.54939619715874643546271727245767
-3.54739490905755383565178817661945
-3.54539534739407047325698840722907
-3.54339506258886194345336662081536
-3.54139629627596308480974585108925
-3.53939552343531360634187876712531
-3.53739607824787816170442056318279
-3.53539532488478958072164459736086
-3.53339306582049550442548024875578
-3.53139298039308213716935824777465
-3.52939712896630330973835043550935
-3.52739705046437324043040462129284
-3.52539430256719743539406408672221
-3.52339815688624158340758185659070
-3.52139269771964169564171243109740
-3.51939633655180950100316294992808
-3.51739757256804441709618913591839
-3.51539052900525739175918715773150
-3.51339896094085846200982814480085
-3.51139278799146348220006075280253
-3.50939639501229594387154975265730
-3.50739579797950540296369581483305
-3.50539578674074325803644569532480
-3.50339366395424178790563018992543
-3.50139822831903524402719085628632
-3.49939246787650093395427575160284
-3.49739548877735551002388092456385
-3.49539547976415754249046585755423
-3.49339620910492865135665851994418
-3.49139415607043890332761293393560
-3.48939235259971791691668840940110
-3.48740118557826006551181308168452
-3.48539388145739659208288685476873
-3.48339524150426615989317724597640
-3.48139492099128755597803319687955
-3.47939252576559621132901156670414
-3.47739559062909409092867463186849
-3.47539394429334214109417189320084
-3.47339819174978892135641217464581
-3.47139395985099197261547487869393
-3.46939280466111599210421445604879
-3.46739736501624928877163256402127
-3.46539621169902023467557228286751
-3.46339598257164960060094927030150
-3.46139441773292766413305798778310
-3.45939431324313018123461915820371
-3.45739601313552658012895335559733
-3.45539291659829927993996534496546
-3.45339802518200933434400212718174
-3.45139387342122683222100931743626
-3.44939341482101502478485599567648
-3.44739746955674775108491303399205
-3.44539427290592303876337609835900
-3.44339803915549635959791885397863
-3.44139100181698909253213969350327
-3.43939471958162856779495086811949
-3.43739482972876997379785279917996
-3.43539783830574219081199771608226
-3.43339177830959041415326282731257
-3.43139632252105197807168224244379
-3.42939422566065710284988199418876
-3.42739490188501250145236554089934
-3.42539383995866542065300563990604
-3.42339586689267560970506565354299
-3.42139754363780301815722850733437
-3.41939578759323348222665117646102
-3.41739252984050168038265837822109
-3.41539563941513701905705602257513
-3.41339495875742393593554879771546
-3.41139584241476701009787575458176
-3.40939244813516140197862114291638
-3.40739664321496515952958361594938
-3.40539450108465890920683705189731
-3.40339464918666489978704703389667
-3.40139316913740508141472673742101
-3.39939622350478964918352176027838
-3.39739563395506749543528712820262
-3.39539664140924379864827642450109
-3.39339044258552924304694897728041
-3.39139741593819188381075946381316
-3.38939746957797805038126170984469
-3.38739334781875633950676274253055
-3.38539644613144075080413131217938
-3.38339452295229969891465771070216
-3.38139542583410790399511824944057
-3.37939758145140611844681188813411
-3.37739071125920320426416765258182
-3.37540084014561792002950824098662
-3.37339014956040283976790306041948
-3.37139715124009242686042853165418
-3.36939552080219995033871782652568
-3.36739404613401838162189960712567
-3.36539292628757724656907157623209
-3.36339815870988356749649028643034
-3.36139253685597871879053855082020
-3.35940048754181619372616296459455
-3.35739209224254597785375153762288
-3.35539353389876948696723957255017
-3.35339590794826447606169494974893
-3.35139374523095412428119743708521
-3.34940018553963758662916916364338
-3.34739268908857479090102060581557
-3.34539660735054722451309316966217
-3.34339500937732569951776895322837
-3.34139613663222689865506254136562
-3.33939310816531920167449243308511
-3.33739724685714600482810965331737
-3.33539496830500636903593658644240
-3.33339277451091398063454107614234
-3.33139689232695612730594802997075
-3.32939932914264691277139718295075
-3.32739611247649369474288505443837
-3.32539127374249066093625515350141
-3.32339867933361077234621916431934
-3.32139247392728398367012232483830
-3.31939610298693699164118697808590
-3.31739375192451468876697617815807
-3.31539358769186520703442511148751
-3.31339401645247200178800994763151
-3.31139555515385008988005210994743
-3.30939448364492116994028947374318
-3.30740103859277079223488726711366
-3.30539226151116594110135338269174
-3.30339721871718561274633430002723
-3.30139546209482759309139510150999
-3.29938910712674227099228119186591
-3.29739908936683656648369833419565
-3.29539649813570889591574086807668
-3.29339427641298332360975109622814
-3.29139936534510146870502467209008
-3.28938967543019389339065128297079
-3.28740024709448075412865364341997
-3.28539453024363847788436032715254
