2869
-3.55617303044419985624813307367731
-3.55417119193133945742602008976974
-3.55217189804141275644155939517077
-3.55017368353360440735855263483245
-3.54817091087321578868341021006927
-3.54617069533820883364683140825946
-3.54417303986374898627786933502648
-3.54217381244937445927689623204060
-3.54016540051683392675840877927840
-3.53817323371531644582432818424422
-3.53617138321731072636566750588827
-3.53417026398249367602488746342715
-3.53217124107501412311194144422188
-3.53017451390258374388508855190594
-3.52816928737707824481617535639089
-3.52617074608590019835219209198840
-3.52417497456960937540770828491077
-3.52216591688452851371948781888932
-3.52017576857993086392184522992466
-3.51817271671677067601535782159772
-3.51616661896710702706059237243608
-3.51417078702684593238814159121830
-3.51217584149928585546263093419839
-3.51017362485131378946334734791890
-3.50816552679123194735666402266361
-3.50617251936638396614398516248912
-3.50417161310751712477440378279425
-3.50216998007471991272154809848871
-3.50017469969051875366972126357723
-3.49816683218970014834781068202574
-3.49617076202075427460158607573248
-3.49417562384034807720922799489927
-3.49217041213908618857431065407582
-3.49016833801560855121692839020398
-3.48817138708721241613375241286121
-3.48617637998464990900515658722725
-3.48416925000976762660798158321995
-3.48216883926751119560094593907706
-3.48017613677159065588284647674300
-3.47816974671761203197206668846775
-3.47616630447486230082176916766912
-3.47417219862291082321803514787462
-3.47217545026075846692492632428184
-3.47016986242971947618229933141265
-3.46817159678839415093420939228963
-3.46617325640996298830032174009830
-3.46416827887923783890755657921545
-3.46217319769454290323551504116040
-3.46017342667800997801919038465712
-3.45816851092152921509637053532060
-3.45617234376561333064614700560924
-3.45416974071542792756872586323880
-3.45217311459409037510681628191378
-3.45017288075832873062154249055311
-3.44817019574308636364889935066458
-3.44616933204773001619969363673590
-3.44417211957304036928917412296869
-3.44216932899305794180122575198766
-3.44016857299126854741189163178205
-3.43817439564014337705089019436855
-3.43616729160321288105706116766669
-3.43417025637990036557312123477459
-3.43217629093230680581427805009298
-3.43016919868053538067442786996253
-3.42817065023025779879617402912118
-3.42617466294091155276646532001905
-3.42416545066866628843627040623687
-3.42217097507291789781902480171993
-3.42017649801112089136267968569882
-3.41816936781686742108377075055614
-3.41616885899665012615855630428996
-3.41417495897059541931639614631422
-3.41216765772290475666750353411771
-3.41017311880228479736842928105034
-3.40816437962463592015183166950010
-3.40617256492323017269541196583305
-3.40417545408370747495041541696992
-3.40217443750504910937593194830697
-3.40016403560233460012796058435924
-3.39817169538267549455667904112488
-3.39617064596121576158793686772697
-3.39417294770759792044145797262900
-3.39217221719943484714576698024757
-3.39017153314245955897376916254871
-3.38816466312712449848731921520084
-3.38617777462319935466439346782863
-3.38417034186869436496181151596829
-3.38217211353950109042898475308903
-3.38017034618538625423411758674774
-3.37816917535942629058354214066640
-3.37616969335965810827815403172281
-3.37417674961690172708017598779406
-3.37217423646361469380394737527240
-3.37017030233880365841514503699727
-3.36816607617129104568221009685658
-3.36616555754494228835937974508852
-3.36417843153502182929059927118942
-3.36217446718725510024228242400568
-3.36016417736478212319184422085527
-3.35817618430776398952275485498831
-3.35617175813534318606912165705580
-3.35417224800014190932984092796687
-3.35217449676571543903946803766303
-3.35016661123432557545243071217556
-3.34816817397847188431114773266017
-3.34616557614094611849964167049620
-3.34418352043212241397895923000760
-3.34216201223156161859151325188577
-3.34017516620409748995257359638344
-3.33817847537739531560418981825933
-3.33617084542668473901017023308668
-3.33416434458162402876268970430829
-3.33217488376023451834839761431795
-3.33017403499720376913728614454158
-3.32816805371219492926115890440997
-3.32616800654907152079431398306042
-3.32417060066881964175422581320163
-3.32217243826466424039267621992622
-3.32017294736564538837342297483701
-3.31817443318706395416484156157821
-3.31616859187153245613899343879893
-3.31417656545305350235253172286320
-3.31217045763428208360323878878262
-3.31016610906250763335378906049300
-3.30817463166331426904775980801787
-3.30617195787264206430222657218110
-3.30417148371272340057203109608963
-3.30216170904642591921174243907444
-3.30016954168291931637213565409184
-3.29817855482510369213855483394582
-3.29617602042349444602109542756807
-3.29417157815359340489180794975255
-3.29216262197430209468507200654130
-3.29017070144531453834702006133739
-3.28817881874916606577130551158916
-3.28616203833639453080195380607620
-3.28417595076769774919966948800720
-3.28217681088235346820169979764614
-3.28016064452452926758496687398292
-3.27817096519423145650762307923287
-3.27618118850276029974111224873923
-3.27416821335055008290737532661296
-3.27216659562488842993843718431890
-3.27017565496064621655136761546601
-3.26816999911909267240162080270238
-3.26616407178662981891648087184876
-3.26417942452508746953299123561010
-3.26216952700153983712993976951111
-3.26017765993675245894678482727613
-3.25816767093474135563724303210620
