561
-3.49648489052585098590952839003876
-3.49449371806539321738682701834477
-3.49247528014401842355596272682305
-3.49048629945182575795570301124826
-3.48848421766212046790656131634023
-3.48648417430184665022352419327945
-3.48448339363657355605141674459446
-3.48248530506238118675810255808756
-3.48047439851588968906526133650914
-3.47848232813395563667313581390772
-3.47648638978658119924602942774072
-3.47448730992711318776855478063226
-3.47248280524931507429187149682548
-3.47048006162313704692223836900666
-3.46848644704539799121789656055626
-3.46647817201626518013313216215465
-3.46448655925619197759601775032934
-3.46248268686605920052556939481292
-3.46047426199191354712070278765168
-3.45849179584395782782735295768362
-3.45648333855745093501354858744889
-3.45448435926184727051690970256459
-3.45248530388756202924582794366870
-3.45047471668132521571692450379487
-3.44848764118037687254059164843056
-3.44648657707112038295349520922173
-3.44448303297371749565058962616604
-3.44248591885669563694705175294075
-3.44048547086860523336326878052205
-3.43848094130265558021619654027745
-3.43647455385929001536737814603839
-3.43448575952013079870539513649419
-3.43248489224510500150699954247102
-3.43047857961028190842966978379991
-3.42848683437524703876420062442776
-3.42648761369394527775966707849875
-3.42447995078396560941769166674931
-3.42247611211876145986821029509883
-3.42049144021866258214004119508900
-3.41848006920570046673901742906310
-3.41647347742622287114500068128109
-3.41449040362776790047405484074261
-3.41248163692249351086616115935612
-3.41048319907831798403208267700393
-3.40848235970098789593407673237380
-3.40649706711390454216825673938729
-3.40447756580533633652407843328547
-3.40248323110818651215936370135751
-3.40047160682481619531358774111141
-3.39848884767965886410934217565227
-3.39648466791657632768419716740027
-3.39448652680195017694586567813531
-3.39248006426250769962393860623706
-3.39047297354886545406316145090386
-3.38849802605035854696780006634071
-3.38647501109827508969374321168289
-3.38447728854398377507095574401319
-3.38248868276165781665554277424235
-3.38047814939468072026329537038691
-3.37849053582543934481918768142350
-3.37649162195944896325272566173226
-3.37447331537364947351420596532989
-3.37248136476600679500847945746500
-3.37048870967708413814989398815669
-3.36847201096451742685644603625406
-3.36648727109811618518619980022777
-3.36449071828579082676924372208305
-3.36247354061005365721825910441112
-3.36049400285891985973307782842312
-3.35848914699136402717272176232655
-3.35648523382258456848603600519709
-3.35445435051954055083456296415534
-3.35249333986548636588054250751156
-3.35049016221145645744172725244425
-3.34848074294342978873828542418778
-3.34647942714151902521280135260895
-3.34448328039069497918944762204774
-3.34248245663908738478653503989335
-3.34047402177365171382916742004454
-3.33849324749407649903787387302145
-3.33649014499291274304937360284384
-3.33448562041946772183109715115279
-3.33248885733778976714347663801163
-3.33047290870668044604485658055637
-3.32848381427609796290312260680366
-3.32647688909271677104584341577720
-3.32448492592806577050623673130758
-3.32249568649124471519940016150940
-3.32048079681286401054762791318353
-3.31847478986891708530038158642128
-3.31648684477437516449072063551284
-3.31447604193871869782128669612575
-3.31249458640492111527464658138342
-3.31047195527183557572925565182231
-3.30848592250851103457875979074743
-3.30649670909507120697412574372720
-3.30446936389864953653727752680425
-3.30250465273087989714895229553804
-3.30046128989126996700065319600981
-3.29848833639319050092808538465761
-3.29647701654187486042246746364981
-3.29449228888916056945390664623119
-3.29247733628587013754440704360604
-3.29049480238697178435813839314505
-3.28846835643188128983638307545334
-3.28647240873573220909520387067460
-3.28449413369887999181173654505983
-3.28248346940665358673072660167236
-3.28049496248590699565284012351185
-3.27845574581678311787413804267999
-3.27650051646440809705040919652674
-3.27447367895366880929941544309258
-3.27250117713231203353529963351320
-3.27047461591937871361324141616933
-3.26848437880450548576050096016843
-3.26649344619078663143341145769227
-3.26448156985458526335719398048241
-3.26246109822400853772705886512995
-3.26048532461853612929303380951751
-3.25849710733691644293230638140813
-3.25647510939285433906320577079896
-3.25448302925595100987266050651670
-3.25249176742160539532733309897594
-3.25049573127396662641785951564088
-3.24846756300219174917742748220917
-3.24646788674955733000615509808995
-3.24449835083343129937816229357850
-3.24249208361253726806694430706557
-3.24049082789642017843334542703815
-3.23845550551143723794211837230250
-3.23649685381377150150683519314043
-3.23448962247256988078447648149449
-3.23248116109468153211992103024386
-3.23048164551087690909980665310286
-3.22848228669737435936326619412284
-3.22647794436235768600340634293389
-3.22448337212015667674336327763740
-3.22249257453475479451299179345369
-3.22048887134803685228234826354310
-3.21846896427810102991884377843235
-3.21647984477756221366462341393344
-3.21448002062116788835055558593012
-3.21249803406186096310648281360045
-3.21048840430251170019460005278233
-3.20846907996080910052683066169266
-3.20649042584331800398445011524018
-3.20447362281560854668782667431515
-3.20249441265442769122273602988571
-3.20047268793922823348907513718586
-3.19849265506997770813768511288799
