2057
-3.54646443319835613650070627045352
-3.54446171067327231440913237747736
-3.54246429503055137999467660847586
-3.54046019199102390828670650080312
-3.53846513012376862050700765394140
-3.53646045937475861364873708225787
-3.53446389562228757696971115365159
-3.53246177952833351199046774127055
-3.53046574602760987460214892053045
-3.52846062526824066907238375279121
-3.52646513903608260775968119560275
-3.52446464773626155775332335906569
-3.52246117412803094737228093435988
-3.52045796105098318662385281641036
-3.51846443695921884398103429703042
-3.51646133230311219719510518189054
-3.51446993954015596273166011087596
-3.51246357107003159825353577616625
-3.51045899408236028449437071685679
-3.50846360166525839119344709615689
-3.50646104944366943101385913905688
-3.50446371686297641900864618946798
-3.50246045917139481318258731334936
-3.50046226757300793508420611033216
-3.49846484008767388829141964379232
-3.49646393159048729515347986307461
-3.49446199014020297823890359723009
-3.49245537101732539397858090524096
-3.49046938533378181546140694990754
-3.48846604407564786498596731689759
-3.48645840469059997701606334885582
-3.48446313264605089798919834720436
-3.48246568878212947595329751493409
-3.48046503134586782124415549333207
-3.47845589186418147065182893129531
-3.47646620078515322660450692637824
-3.47446003421845972525261458940804
-3.47246378311694270379916815727483
-3.47045916168946666502392872644123
-3.46846578207944622462832739984151
-3.46646569357347456019624587497674
-3.46446069899832886918034091650043
-3.46246357303514429304414079524577
-3.46047270907818926843901863321662
-3.45845205357867557793838386714924
-3.45646455208539338244122518517543
-3.45446441685053340364675023010932
-3.45246083687369642589715112990234
-3.45046626047443716345242137322202
-3.44846534557540307375234078790527
-3.44645973909225933340394476545043
-3.44446017439016971550813650537748
-3.44246392643311427406160873943008
-3.44045989194870971417117289092857
-3.43846651744219800050927915435750
-3.43646060633590089139488554792479
-3.43446393405372241147688328055665
-3.43245819920823480586591358587611
-3.43046828842380069346518212114461
-3.42845620997744404689910879824311
-3.42646722490250343895468176924624
-3.42445913970980475582450708316173
-3.42245992258139120067994554119650
-3.42046424567900020363708790682722
-3.41846716259125837922283608349971
-3.41646483209322981977607014414389
-3.41445512194023992336155970406253
-3.41246421733464444514538627117872
-3.41046562900909089321999090316240
-3.40845730480463648959243982972112
-3.40646022806612247535440474166535
-3.40446483629492302469543574261479
-3.40246302699242519906874804291874
-3.40046128722338814043268939713016
-3.39846436538167573360169626539573
-3.39646505301337464644007013703231
-3.39445836650446297610983492631931
-3.39246074092374882980038819368929
-3.39046390316651580221218864608090
-3.38846529829160170166346688347403
-3.38646251113365304163949076610152
-3.38446584090245128351170933456160
-3.38245573854282000070270441938192
-3.38046886807837321242686812183820
-3.37845830724628815033838691306300
-3.37646788557734645053187705343589
-3.37445581679403883157419841154478
-3.37247332608171479506609102827497
-3.37045599985775012896738189738244
-3.36846102847236172905809326039162
-3.36646289042656565726474582334049
-3.36446212788128873327764267742168
-3.36246452898227810024422979040537
-3.36046355653421535691904864506796
-3.35845705294573271260105684632435
-3.35647088985484076673060371831525
-3.35446291853811562333476103958674
-3.35245525158560786493922023510095
-3.35046759493163115450897748814896
-3.34846181469416626086399446649011
-3.34646791555670164441949054889847
-3.34445578258953091221883369144052
-3.34246657608229158498147626232821
-3.34046864549147759504421628662385
-3.33846033762740912465005749254487
-3.33646430309144959025502430449706
-3.33445180914315697506822289142292
-3.33246935104818309270058307447471
-3.33045698174122106749450722418260
-3.32846879610107748703740071505308
-3.32645700056027537883096556470264
-3.32447415457401129756931368319783
-3.32245587251365170899930490122642
-3.32046680270616345609369091107510
-3.31845084951696245312291466689203
-3.31646950977096333090798907505814
-3.31445895542661483901270003116224
-3.31247337260313701179370582394768
-3.31047170870707763157270164811052
-3.30845016721777263057902018772438
-3.30645277384710389867450430756435
-3.30446835657198700886283404543065
-3.30246448220953281449396854441147
-3.30046639847619260876854241359979
-3.29845309137303432933663316362072
-3.29646387464687684598629857646301
-3.29446348414315748343028644740116
-3.29247705606707041781078260100912
-3.29045957901201280293435047497042
-3.28845887734995967477402700751554
-3.28645644770286127211988969065715
-3.28446874990084403123091760789976
-3.28245018545359146244777548417915
-3.28047463318964060974280982918572
-3.27846067990761813604194685467519
-3.27646471828586705044017435284331
-3.27446067089891412749125265690964
-3.27246599177883012998790945857763
-3.27045548782448181057702640828211
-3.26846356914516267266890281462111
-3.26647272137075894704594247741625
-3.26445302230681599908734824566636
-3.26246351492509756297977219219320
-3.26046955482909828205606572737452
-3.25846135840989425958014180650935
-3.25645134309758921276056753413286
-3.25447003093169318077571006142534
-3.25246697128230355389177930192091
-3.25046092869281011417115223594010
-3.24846234136487588273212168132886
