923
-3.51889488202567290997535565111320
-3.51688544730693486428663163678721
-3.51489189080313479962569545023143
-3.51289706586087824291553260991350
-3.51089483610442698591214139014482
-3.50889000035125242504818743327633
-3.50689284606021045576085271022748
-3.50489919360803625636435754131526
-3.50289468017516414377610090014059
-3.50089294633719738669697107980028
-3.49888733376112259776391510968097
-3.49689209923427357651348756917287
-3.49488811036176238999928500561509
-3.49290191246027426075215771561489
-3.49089254737961374175370110606309
-3.48890555868410467965645693766419
-3.48688154401677685712002130458131
-3.48489374354582359671894664643332
-3.48290005297778737514136082609184
-3.48088941392010209341378867975436
-3.47888747768432171625363480416127
-3.47689492752843909428861479682382
-3.47489542018269759182658162899315
-3.47289245436522930887690563395154
-3.47089596253082133259226793597918
-3.46889037755276419261463161092252
-3.46689410223936356203466857550666
-3.46489120930337213266625440155622
-3.46289371999836470550349076802377
-3.46088985026969719882572462665848
-3.45889847247553916531614959239960
-3.45689486994287786814084029174410
-3.45489469714829189328497704991605
-3.45288653136290868417290766956285
-3.45089861044801837763884577725548
-3.44888999166252396832987869856879
-3.44688992082159950669506542908493
-3.44489869956886307633681099105161
-3.44288980031033942097451472363900
-3.44089268984998808420527893758845
-3.43889676507872188437886507017538
-3.43688896123398901494283563806675
-3.43489130186325253291101944341790
-3.43289160825065620130658317066263
-3.43090097417961148451581721019465
-3.42889102106180665430201770504937
-3.42689039350060653532636933960021
-3.42489736489535978591902676271275
-3.42288882114086012720122198516037
-3.42088852109748664531707618152723
-3.41888855099064326026336857466958
-3.41689685859261338407577568432316
-3.41489755647511028513463315903209
-3.41289246649575339631610404467210
-3.41089914647517344903349112428259
-3.40889155961605982980699991458096
-3.40688994743536088805058170692064
-3.40489578445665985739765346806962
-3.40290244166870481379305601876695
-3.40087148911153303032506300951354
-3.39890406959311475176832573197316
-3.39689217108033103542652497708332
-3.39488909969664920396326124318875
-3.39289557027064381244940705073532
-3.39088962997672727084363941685297
-3.38890666566438447659947996726260
-3.38688302346324610070382732374128
-3.38488692332811380580892546277028
-3.38289681791828167334301724622492
-3.38089472437090510226198603049852
-3.37888759053095322215654050523881
-3.37689255992686465646102078608237
-3.37489584263987474344048678176478
-3.37290034910283331726077449275181
-3.37088513651215615496425925812218
-3.36888757699478569307416364608798
-3.36689590035586672200906832586043
-3.36489393906907041653653323010076
-3.36288994002357233270572578476276
-3.36089169946980792502699841861613
-3.35889978258972732305664976593107
-3.35689610802872229200488618516829
-3.35489634277437964726686914218590
-3.35288003012462887397759914165363
-3.35090116967723750107666091935243
-3.34889116595541258547541474399623
-3.34689919470844898796713096089661
-3.34490464242598894983871105068829
-3.34287371724669668537899269722402
-3.34089565213431560763979177863803
-3.33889183590045357519215940556023
-3.33689584470387279324654627998825
-3.33490076254289480317538618692197
-3.33288549021335223088158272730652
-3.33089858474778921504366735462099
-3.32890407895974949070705406484194
-3.32687807736962515292589159798808
-3.32489921278058186970838505658321
-3.32288542790907426294211290951353
-3.32089239165611038728798121155705
-3.31889261042615579810899362200871
-3.31689878011822036896205645462032
-3.31490348699792969355826244282071
-3.31286750859747725073134461126756
-3.31091289705576929947028474998660
-3.30889391091440421277525274490472
-3.30689190028919544062091517844237
-3.30487721843921722353343284339644
-3.30292212104380578097106990753673
-3.30088758996103592835424933582544
-3.29887689851786136685518613376189
-3.29690386090134124330575104977470
-3.29487325321061508276443419163115
-3.29290573381573592470772382512223
-3.29089988352315643282963719684631
-3.28889321718834226615513216529507
-3.28689485117577095962815292296000
-3.28488425697176378292851950391196
-3.28289857018651032305456283211242
-3.28089862227161743746250976982992
-3.27889082892718164430334581993520
-3.27688568636401766909216348722111
-3.27489411246736983329697068256792
-3.27289810081354426429811610432807
-3.27087993027557599745591687678825
-3.26889637089299567307421057194006
-3.26690960516816053527122676314320
-3.26487586601184709422796004218981
-3.26289740753113033377985630067997
-3.26089355212469911293737823143601
-3.25890587711500856471502629574388
-3.25688683378227938902682581101544
-3.25488649062480961404730805952568
-3.25288994905459638573574920883402
-3.25089444962359630508785812708084
-3.24888905456745114008754171663895
-3.24690384529443454297847893030848
-3.24488887710237605688234907574952
-3.24289781929049825137667539820541
-3.24088159435217626480607577832416
-3.23890823321066001483359286794439
-3.23689227262418421915413091483060
-3.23488685593604685664104181341827
-3.23289832504582808070381361176260
-3.23089016761349157036420365329832
-3.22888542072838236052234606177080
-3.22689149543676379039425228256732
-3.22490102714815041196061429218389
-3.22287862734916474849455880757887
-3.22089673531650433346840145532042
