5083
-3.56974892637534724215697679028381
-3.56774598317840130334843706805259
-3.56574828328872772686963799060322
-3.56374816944586569888997473753989
-3.56174566626777133748760206799489
-3.55975011029885379798542999196798
-3.55774510598666582339433261950035
-3.55574984660610304842975892825052
-3.55374602148736640216952764603775
-3.55174894530077622789576707873493
-3.54974621771682441462303359003272
-3.54774560862116139503541489830241
-3.54574994985294633664807406603359
-3.54374869588142304976940977212507
-3.54174409453838467953801227849908
-3.53974789250129839857095248589758
-3.53774598247583726973175544117112
-3.53574878730207320387535219197161
-3.53374796846624006363413172948640
-3.53174517272484145280486700357869
-3.52974793289187793732253339840099
-3.52775191130961607299809656979050
-3.52574196227739422582203587808181
-3.52374858059703432999754113552626
-3.52174434784671941400802097632550
-3.51974904845993386004465719452128
-3.51774964834910797151223960099742
-3.51574521774895876191635579743888
-3.51374672187975178871965908911079
-3.51174855370080640781793590576854
-3.50975013546207925685394002357498
-3.50774882363451290245848213089630
-3.50574202494314368649952484702226
-3.50374972146962537777881152578630
-3.50174604170806880176769482204691
-3.49974949994859363400223628559615
-3.49774661250841845117065531667322
-3.49574477576403763734447238675784
-3.49375001411155894359694684681017
-3.49174584968381296334882790688425
-3.48974895711067389925119641702622
-3.48774600143921409411973399983253
-3.48574580404131006972079376282636
-3.48375162315520858768991274700966
-3.48174616409062132049712090520188
-3.47974562934596853835955698741600
-3.47774463596208915916463411122095
-3.47575211959560403940372452780139
-3.47374302107446641940668996539898
-3.47174842763510493881540242000483
-3.46974660453948846594585120328702
-3.46775002559230438592408063414041
-3.46574828604095008799390598142054
-3.46374369590912456473574820847716
-3.46174688228923965738204060471617
-3.45974577448742026675176930439193
-3.45775222867338483112575886480045
-3.45574492920732545542250591097400
-3.45374771007155256796750109060667
-3.45174207445339575883735960815102
-3.44974906517266077798922196961939
-3.44775165503003488964850475895219
-3.44574710935477801498905137123074
-3.44374648361561019882515211065765
-3.44174371298875669822336931247264
-3.43974735273322185236111181438901
-3.43774848211843897516359902510885
-3.43574564884683031351642057416029
-3.43374683699908089806740463245660
-3.43174658947535604625045380089432
-3.42974600734292245363121764967218
-3.42775053892128855892451610998251
-3.42574515686229164046494588546921
-3.42374730409323246860253675549757
-3.42174805861396968964527331991121
-3.41974430959906916527302200847771
-3.41775145685965586750398870208301
-3.41574393013297195054178700956982
-3.41374815511155427216749558283482
-3.41174654582651859513475756102707
-3.40975302823514869743348754127510
-3.40773705014658068179755900928285
-3.40575062413492224422384424542543
-3.40374638549764751971338228031527
-3.40174931450082418393776606535539
-3.39974423853671536832621313806158
-3.39774973348272757434074264892843
-3.39574434173783989976413977274206
-3.39374764127245009959210619854275
-3.39174770388466439996477674867492
-3.38974546460720160823143487505149
-3.38774863864565478621670990833081
-3.38574423616566466677113567129709
-3.38374668423538782491277743247338
-3.38174346805582581865223801287357
-3.37975193287333741665179331903346
-3.37775074622140980551421307609417
-3.37574415420295315115595258248504
-3.37374706056119455510611260251608
-3.37175207419314615364669407426845
-3.36974449081012661366685279062949
-3.36774529527697241704231601033825
-3.36574825207014161065899315872230
-3.36375240092767047173083483357914
-3.36174400745209212004738219548017
-3.35974790357289121445205637428444
-3.35774840055860579468571813777089
-3.35574298717543539893881643365603
-3.35374966682168329512592208629940
-3.35174371069209664497634548752103
-3.34974849091638748888044574414380
-3.34774914522453581611216577584855
-3.34574819949923707440575526561588
-3.34374851975122799885298263689037
-3.34175262861123334445778709778097
-3.33974012102892281461663515074179
-3.33774983245722189906246057944372
-3.33574457074683072832499419746455
-3.33374774670077034244286551256664
-3.33174522139879369930781649600249
-3.32974799165651935695109386870172
-3.32774776837047037147954142710660
-3.32574472353194972029655218648259
-3.32374759326176727469714933249634
-3.32175209856015030140952148940414
-3.31974658376556863714768041973002
-3.31774559285989889545476216881070
-3.31574599018637972136502867215313
-3.31374932408424527352508448529989
-3.31174435852404958069428175804205
-3.30975355563901407762728013040032
-3.30774285395731837411403830628842
-3.30574377368665839327377398149110
-3.30375703294180089741871597652789
-3.30173415189774477340733938035555
-3.29974854978350684575616469373927
-3.29775183011638350905059269280173
-3.29574669856933333278448117198423
-3.29375375707567386029950284864753
-3.29174260853997635578593872196507
-3.28975138759270935295830895483959
-3.28774190062246862709116612677462
-3.28574228305813598183249268913642
-3.28375593333625914738149731419981
-3.28174726158285023913663280836772
-3.27974004417989428716850852651987
-3.27774654326434555784430813218933
-3.27575011419690920178027226938866
-3.27374852694587836765549582196400
-3.27174501907311432447045262961183
