546.86073739956680128670996055006981
507.10125075230166658002417534589767
513.74503626808632361644413322210312
520.30934044722937414917396381497383
527.80471331123305844812421128153801
534.64398897988564840488834306597710
541.33405183989805209421319887042046
548.42345275440993646043352782726288
555.11768052441152576648164540529251
561.77077098447000480518909171223640
568.76908141453236567031126469373703
576.04904809579613811365561559796333
582.57526232197551507852040231227875
589.12974325305538059183163568377495
596.52881591941240913001820445060730
601.67946852393947665404994040727615
609.28080354479618563345866277813911
616.44294076251117076026275753974915
622.65630754765425081131979823112488
629.21817643610700088174780830740929
635.27086566303489689744310453534126
642.69152287044778404379030689597130
649.43594659930420220916857942938805
655.97155492272133869846584275364876
662.17739485572280955238966271281242
668.31279822560907177830813452601433
674.15017867859751277137547731399536
681.42155188603737769881263375282288
687.99467015231516597850713878870010
693.49590520476328947552246972918510
699.83909866447197600791696459054947
705.52977113134136288863373920321465
712.23480021229386238701408728957176
716.81389276989682457497110590338707
722.58094968380578393407631665468216
729.15744144915970537113025784492493
734.12752864261403829004848375916481
739.93920038788826332165626809000969
745.92069271421269149868749082088470
753.66886887970144925930071622133255
758.44557752821185658831382170319557
762.66289361464350804453715682029724
768.60660473543089210579637438058853
775.69639121696570782660273835062981
780.40161899478744089719839394092560
786.75155367877312073687789961695671
791.56754421314667524711694568395615
796.26916328049719595583155751228333
801.03914380145363338669994845986366
805.82837059153712289116811007261276
811.69129125548715819604694843292236
817.83722263022548304434167221188545
819.63513722354093715694034472107887
823.93402903315848107013152912259102
826.49697885110845163580961525440216
831.00358090833299229416297748684883
835.62408316694654786260798573493958
840.11144841706197894382057711482048
845.98403313084531873755622655153275
850.46752397440468485001474618911743
851.14420225355365801078733056783676
849.99514806520517140597803518176079
851.07620534970646986039355397224426
853.18187765027539626316865906119347
856.00352562968726033432176336646080
857.84735936564788971736561506986618
859.31103786096616659051505848765373
855.31479602312015231291297823190689
859.27747023524432279373286291956902
867.19834861004824233532417565584183
872.16226423091848118929192423820496
867.03758860364860083791427314281464
867.55413007771574029902694746851921
865.64813832912352609127992764115334
870.65057903726483345963060855865479
869.93638533545299651450477540493011
866.73871314316193092963658273220062
869.15322944779165936779463663697243
872.02103269017322872969089075922966
869.01941456568169996899086982011795
872.59960468853932979982346296310425
874.77319101797547773458063602447510
875.67033525720887610077625140547752
871.74782159803373815520899370312691
870.59402586401483858935534954071045
874.82744268293163258931599557399750
872.79908207034168299287557601928711
871.15686766876865476660896092653275
873.20256121818442807125393301248550
875.79168465493125950160901993513107
873.98208170828752372472081333398819
878.81749701285252740490250289440155
876.31822252449603638524422422051430
880.80990039693585913482820615172386
880.29820835561258718371391296386719
883.88950843559200620802585035562515
885.69883100822278265695786103606224
887.89459220487435686663957312703133
887.89717086678160740120802074670792
894.92333685822200095572043210268021
893.76329162929232552414759993553162
897.59238264488317327050026506185532
904.69172217465006724523846060037613
909.10831204147712014673743396997452
916.05898745742365463229361921548843
920.07276555922885563632007688283920
928.25436179534597158635733649134636
934.90078475256825640826718881726265
936.44720424025217653252184391021729
943.61033126810104931792011484503746
946.01016614846128049975959584116936
954.24897494705510325729846954345703
959.62370230270653337356634438037872
964.46701555216941414983011782169342
969.22937456575857595453271642327309
974.83415180452402637456543743610382
981.33371073944795170973520725965500
987.29326583917668358481023460626602
992.78212898392371243971865624189377
1000.28847376399482982378685846924782
1002.25295919744439743226394057273865
1009.27104378139654272672487422823906
1013.32287491450176730722887441515923
1020.47559693177129247487755492329597
1026.20431054242112622887361794710159
1032.48313091571571931126527488231659
1035.05648781689365023339632898569107
1043.60020139651555837190244346857071
1047.73703236013807327253744006156921
1052.15216458743111616058740764856339
1062.73755768154660472646355628967285
1062.37108163397851967602036893367767
1068.52614086260246040183119475841522
1076.67808985511237551691010594367981
1083.48407923839340583072043955326080
1090.04898352531472482951357960700989
1093.62789650388094742083922028541565
1097.49955452426843294233549386262894
1102.64131061231773855979554355144501
1108.74941552628547469794284552335739
1114.07604559826313561643473803997040
1120.31406964995858288602903485298157
1128.19279052554929876350797712802887
1132.69710228487974745803512632846832
1139.25975722210455387539695948362350
1140.92627791092149891483131796121597
1151.74392245664694200968369841575623
1150.01286530937818497477564960718155
1158.45021967284674246911890804767609
1169.21409680038436817994806915521622
