499.01472018710597922108718194067478
506.82342968060879684344399720430374
515.52131286217547767591895535588264
520.16014272708184762450400739908218
525.91198595092237155768088996410370
533.46246963531484652776271104812622
540.81199475418407018878497183322906
547.85049492224868572520790621638298
553.81857544907654755661496892571449
560.32401033670134893327485769987106
567.08077875055994354624999687075615
573.39474048844817843928467482328415
579.00629646886920909309992566704750
587.32257201253116818406851962208748
592.80653593005354196066036820411682
598.98617811906365204777102917432785
606.44879872349952165677677839994431
612.62978975213263765908777713775635
617.21886168370747327571734786033630
622.88266065288019035506295040249825
631.60352690193724356504390016198158
636.80552954948768729082075878977776
645.03844436304154896788531914353371
651.12194264882964489515870809555054
655.02784395131573091930476948618889
663.47884904721593102294718846678734
664.83170346180259002721868455410004
668.97989564313525079342070966959000
677.14810812622818048112094402313232
682.88169263582506118837045505642891
691.76763921670794843521434813737869
696.14643065532891341717913746833801
699.67695421962457658082712441682816
704.49071537063707637571496888995171
717.21590856360046473128022626042366
716.95254240495012254541506990790367
726.75490913234784784435760229825974
733.21789003056289857340743765234947
732.02233932388412540603894740343094
742.82359458998826085007749497890472
748.93269168590131812379695475101471
754.09019175084904418326914310455322
765.93364478208616219490068033337593
768.41288038487766698381165042519569
765.15412259258584981580497696995735
762.22871900437849035370163619518280
779.22075459401196440012427046895027
779.33317299253860710450680926442146
783.17086663553425296413479372859001
793.01539208222118304547620937228203
792.74392265179847072431584820151329
801.02065461408903956908034160733223
801.30644064401155901578022167086601
807.26816418693704235920449718832970
804.00205494568285757850389927625656
803.33214968710569792165188118815422
808.68683508858327968482626602053642
812.30103035450520110316574573516846
813.64892539632228363188914954662323
810.45972948939447633165400475263596
810.29231447929157639009645208716393
809.38249204619876309152459725737572
820.93364290198189792135963216423988
830.56017572068788012984441593289375
828.47992615723978815367445349693298
814.44397665624535420647589489817619
811.40303803050449005240807309746742
823.80315235085743097442900761961937
827.32609377996050170622766017913818
825.97383540364921827858779579401016
822.53250980035647899057948961853981
820.62626996203414364572381600737572
815.45923826224077402002876624464989
817.97293293192660712520591914653778
814.02262599030098044750047847628593
821.11427713792306803952669724822044
815.47732162413842615933390334248543
817.08210463768796216754708439111710
813.53884721596068629878573119640350
817.08459664659744703385513275861740
822.06474927996373480709735304117203
825.00245690736448977986583486199379
817.21117260238111157377716153860092
833.45863164404158851539250463247299
832.10429133425361669651465490460396
830.88899002750292765995254740118980
823.71693216448670682439114898443222
834.84490562291284732054919004440308
841.18192635199636697507230564951897
847.17804757683677507884567603468895
855.25989470236413581005763262510300
862.97505667865721079579088836908340
868.06461838970483313460135832428932
866.79023628727475170308025553822517
873.12280381429457065678434446454048
866.44270310961462655541254207491875
883.19084928289237268472788855433464
888.13582534521469824539963155984879
900.69299827124473267758730798959732
894.37882583822965898434631526470184
900.71154229175715499877696856856346
917.72378614099841342977015301585197
914.29601644354886502696899697184563
926.31093143839564163499744608998299
928.38171576982074384432053193449974
929.45682193275433746748603880405426
927.98311350760423010797239840030670
955.12133518334701420826604589819908
947.97864321900010509125422686338425
959.11841407501810863323044031858444
952.52801980517858737584901973605156
966.00264881750752010702854022383690
967.70435572256462819495936855673790
977.66484606485141739540267735719681
969.63388791552449674782110378146172
980.29314002932926541689084842801094
1008.76764338203190618514781817793846
1005.46577945025353528762934729456902
1013.69638312022254922339925542473793
1015.60359999494164640054805204272270
1015.85254013319786281499546021223068
1026.02892951113108210847713053226471
1023.37675306307596656552050262689590
1026.39023966942022525472566485404968
1035.04642475303126047947444021701813
1044.78413299540579828317277133464813
1049.90798726743332736077718436717987
1049.11526275996220647357404232025146
1061.08591964224092407675925642251968
1066.49442056832981506886426359415054
1063.07485981937861652113497257232666
1079.06991513732032217376399785280228
1087.72945455216654409014154225587845
1082.74879805315549674560315907001495
1087.18468674230985016038175672292709
1098.68904267790935591619927436113358
1104.17548820554588928644079715013504
1114.17716547672694105131085962057114
1113.88534374846130958758294582366943
1118.74919684550104648224078118801117
1132.33340706492163008078932762145996
1141.70541302506148895190563052892685
1141.93225322163198143243789672851562
1139.69599149163423135178163647651672
1150.00896790327988128410652279853821
1154.09682646246324111416470259428024
1156.12873391872403772140387445688248
1177.72432528192302925162948668003082
1162.99130216980347540811635553836823
1175.70589117377630827832035720348358
