498.07115574305004201960400678217411
503.89518443058489083341555669903755
510.47821983751180141553049907088280
518.44501362613766559661598876118660
527.02155391073415557912085205316544
530.27788233380113069870276376605034
539.75240498584673787263454869389534
545.97590442020987211435567587614059
551.55230367600245244830148294568062
559.81053902208066119783325120806694
567.57491677519965378451161086559296
572.08605820957620835542911663651466
577.96976793970725339022465050220490
583.77242758086117646598722785711288
587.72826742700885915837716311216354
595.32853252002462340897182002663612
601.15928934340320211049402132630348
604.13022004099752848560456186532974
608.89068238268987443007063120603561
607.31572430835990417108405381441116
616.31181821614484306337544694542885
626.99113907755872787674888968467712
630.27358694281178941309917718172073
632.93648344448286024999106302857399
638.40665732089632911083754152059555
644.99457916255391864979173988103867
652.97743069811235727684106677770615
657.68251699908159935148432850837708
667.76471492672794738609809428453445
677.41101783010662984452210366725922
686.39996314501343022129731252789497
686.81580645015992558910511434078217
687.77662548952628185361390933394432
696.13669615953938318853033706545830
695.93839155638056581665296107530594
696.55025426422889722744002938270569
706.07967783081824109103763476014137
708.37722695646232295985100790858269
714.17816273194205223262542858719826
709.79744235438886335032293573021889
716.14119446877930386108346283435822
713.34322856390076594834681600332260
705.34300712057779492170084267854691
717.49781328023038895480567589402199
726.36527431028650880762143060564995
715.32247353708589798770844936370850
717.91778541275937186583178117871284
721.49407270156007143668830394744873
722.34281819566899685014504939317703
708.00506224092168849892914295196533
708.14110914595084977918304502964020
707.70393662819469682290218770503998
711.18982039008233186905272305011749
699.82610842722397137549705803394318
708.15081711651612295099766924977303
719.85791736002204288524808362126350
726.72345880373791260353755205869675
712.55829653071191387425642460584641
702.32461394162123724527191370725632
717.90176929902474967093439772725105
729.15286523306440358282998204231262
732.95970255244583313469775021076202
731.63219410095189232379198074340820
729.33307397066198518587043508887291
740.10095102714308268332388252019882
747.71684665282828063936904072761536
743.38250417517951973422896116971970
753.33635470567060110624879598617554
752.09968713462535561120603233575821
771.58531085010110928124049678444862
775.43418981630941289040492847561836
779.16811432328063347085844725370407
783.02438253341574636579025536775589
787.51961663493091236887266859412193
793.48856433460025527892867103219032
787.47899572540904955531004816293716
807.84094754803561500011710450053215
805.31293075613700693793362006545067
826.55167139309457979834405705332756
820.65231918090489671158138662576675
826.88602615251602401258423924446106
820.90954722240462615445721894502640
833.22967634001349779282463714480400
840.83310576902806587895611301064491
850.63404548065284416225040331482887
865.50579123571856143826153129339218
861.10012652267721477983286604285240
859.21829963864047385868616402149200
871.50225778128628917329479008913040
870.27973231566602407838217914104462
881.82803466818540982785634696483612
881.50737671755496194236911833286285
889.30675643597783164295833557844162
894.57084492560875332856085151433945
911.33025330652253614971414208412170
907.28413949318462528026429936289787
899.75410399042095832555787637829781
919.95087659854300454753683879971504
921.95369957907371372130000963807106
939.49420224004370538750663399696350
930.38590237104290281422436237335205
945.25775791440219109063036739826202
955.37386798300337886757915839552879
956.30727356307670561363920569419861
948.36616385409422491648001596331596
957.31140539751481810526456683874130
953.37999989010495482943952083587646
975.72145486512704337656032294034958
965.92382045800127343682106584310532
979.12875546896384548745118081569672
983.23727586351492391258943825960159
996.20775925157215624494710937142372
998.65758798902675152930896729230881
999.18249073519666580978082492947578
1012.53131249470300190296256914734840
1014.11087741849064514099154621362686
1014.99630885663736989954486489295959
1031.91317856944169761845842003822327
1031.39494875162995413120370358228683
1038.06434064047130050312262028455734
1045.59927289865413513325620442628860
1042.30678118947230359481181949377060
1059.17042846227059271768666803836823
1056.89898640238266125379595905542374
1057.38593352080079057486727833747864
1081.16482820608325710054486989974976
1074.08563687200876302085816860198975
1086.30701505566753439779859036207199
1085.97345581884655985049903392791748
1090.52300329116906141280196607112885
1097.70513271101776808791328221559525
1117.15248744884365805773995816707611
1100.80430310488804934720974415540695
1127.43120358997930452460423111915588
1125.96337836261773190926760435104370
1125.11413611995294559164904057979584
1146.04185998575826488377060741186142
1144.78790611730050841288175433874130
1138.75801397237455603317357599735260
1150.43605399157445390301290899515152
1162.81504185361723102687392383813858
1165.48621838850840504164807498455048
1159.86429686667861460591666400432587
1173.80028343990579742239788174629211
1185.95537968680741869320627301931381
1187.04711608444245030113961547613144
1180.37094695703217439586296677589417
1210.23057616580786088888999074697495
1204.89977467830908608448226004838943
1204.86545759970340441213920712471008
