548.15439372325420208653667941689491
507.21052890285176317775039933621883
514.06352956930538766755489632487297
520.92808348964047127083176746964455
527.26874587210272693482693284749985
533.95132102553043296211399137973785
542.15956788666130705678369849920273
548.13488771837023705302271991968155
553.28995177520880588417639955878258
561.90899344465572085027815774083138
568.49403594703221642703283578157425
575.17788323817137552396161481738091
582.03726335510179978882661089301109
587.14395667974122261512093245983124
595.53053149975482938316417858004570
602.35522494717838526412378996610641
606.30149823875740366929676383733749
612.72309381078832757339114323258400
619.52009330024486644106218591332436
625.43271034641884398297406733036041
630.84056335396144277183338999748230
637.13485347841151451575569808483124
643.05874059220877825282514095306396
647.76114417560472702461993321776390
657.94500168252523053524782881140709
662.90704659950642962940037250518799
667.95554147467555594630539417266846
672.57466996370260403637075796723366
677.79025736202765983762219548225403
683.52745375499171132105402648448944
693.44126362119618534052278846502304
695.66148393335276978177716955542564
702.77200083272180108906468376517296
708.19502742692372976307524368166924
715.43745267426231748686404898762703
724.22121039864657632278976961970329
727.37295547433893716515740379691124
728.54208894203827640012605115771294
733.80009530854817967338021844625473
741.52209348503060937218833714723587
747.89602814521572327066678553819656
756.43936817179530862631509080529213
755.88782963932010261487448588013649
761.20799455841256531130056828260422
764.91875900041020486241905018687248
772.30589139519099717290373519062996
772.34147342408527947554830461740494
773.09237231971701476140879094600677
778.21617428982574438123265281319618
784.85687281881121180049376562237740
792.27913421033474605792434886097908
790.74181854620530884858453646302223
786.25631554269227763143135234713554
792.87566907205916777456877753138542
802.03079111185684269003104418516159
804.66883798827302598510868847370148
803.20433901018930100690340623259544
795.97014698107591357256751507520676
795.99477041428883694607065990567207
795.46424761330615638144081458449364
793.93882485864094178396044299006462
797.80475129169860792899271473288536
802.22170123400189822859829291701317
809.51747266422717075329273939132690
811.44068917827428322198102250695229
808.03098807157175542670302093029022
807.82315391523388825589790940284729
800.02503452504936376499244943261147
803.74036741410679951513884589076042
804.34307103629339508188422769308090
801.42161070611450668366160243749619
796.73518947534250855824211612343788
800.53855552022298525116639211773872
792.84073125722011354810092598199844
795.44937855750856670056236907839775
790.31874728831178344989893957972527
793.27169943879948732501361519098282
795.20157278070666961866663768887520
789.77227320381075514887925237417221
795.83847830425202118931338191032410
804.88591038275956179859349504113197
807.03531418045542977779405191540718
812.99886022464829693490173667669296
818.68767432503932468534912914037704
821.25059932748911251110257580876350
825.99601641022161402361234650015831
830.46623317282512743986444547772408
835.61555382640278821781976148486137
844.64392178735863581096054986119270
847.88275292921525760903023183345795
854.37801137973326603969326242804527
858.30278396620303738018264994025230
872.33840536969296408642549067735672
870.10140751895971789053874090313911
881.72384588982447439775569364428520
881.41287721503420016233576461672783
886.81972391099509422929259017109871
889.36306995101574557338608428835869
899.29122985746266749629285186529160
901.95961995509992448205593973398209
904.91393117619429631304228678345680
911.47942460198555636452510952949524
920.83880588340196027274942025542259
927.00438755798052170575829222798347
924.84615533226769912289455533027649
936.40377819199363784719025716185570
947.08405300544632154924329370260239
941.80341337204470164579106494784355
952.66132256871890149341197684407234
960.87230175835316003940533846616745
962.14317610524312840425409376621246
970.41834370281253541179466992616653
975.93737169063047076633665710687637
982.36416023287563348276307806372643
990.50269504481650528759928420186043
990.35046285368275675864424556493759
1009.19567097431024649267783388495445
1006.74806914660427992203040048480034
1012.63537861709539811272406950592995
1008.51201398739340220345184206962585
1014.89840223223552584386197850108147
1032.71245046495141650666482746601105
1033.88088914371564897010102868080139
1033.27860438408129084564279764890671
1044.27037631845223586424253880977631
1044.08175172199139524309430271387100
1050.10679811127806715376209467649460
1062.36666416173147808876819908618927
1063.47153542422506689035799354314804
1071.72978667023608068120665848255157
1078.87091503039368944882880896329880
1078.56834694044368916365783661603928
1093.96423209599538495240267366170883
1084.28830679020052230043802410364151
1094.23761508885058901796583086252213
1106.95831671417977304372470825910568
1111.04200284801868292561266571283340
1119.55073959098581326543353497982025
1120.19036962161203518917318433523178
1128.11037932879685286025051027536392
1138.38561625640886632027104496955872
1133.87296677397625899175181984901428
1143.25120529117202750057913362979889
1142.17830855911961407400667667388916
1153.23815052260124502936378121376038
1163.87173845991696907731238752603531
1169.54312849647794791962951421737671
1171.79375000404638740292284637689590
1180.21890677497799515549559146165848
1181.08041215319849470688495784997940
