548.14653454400672671908978372812271
506.48203258752386091146036051213741
513.87251348308518572594039142131805
519.21728249476336713996715843677521
526.47742940741261463699629530310631
534.35440496572505253425333648920059
539.88162723128959896712331101298332
547.79382486041674837906612083315849
553.74321154223162011476233601570129
560.59510236766959678789135068655014
566.24195810849437293654773384332657
573.98708010602388185361633077263832
581.11451904220962205727118998765945
587.53255921962022512161638587713242
594.37052873662264573795255273580551
598.22307272363184438290772959589958
603.95857676393688961979933083057404
604.98849671370078340260079130530357
603.47457561778935541951796039938927
621.80325729998264705500332638621330
628.59106805537930995342321693897247
633.29737808664219755883095785975456
640.87988637923183432576479390263557
645.20739770376474098156904801726341
651.53341201890282263775588944554329
660.17047096999601762945530936121941
664.87860644235092877352144569158554
672.97250213399229323840700089931488
679.16791969229325331980362534523010
680.14343832246777310501784086227417
686.04696080849635109188966453075409
692.46161557396339958359021693468094
692.97603297746434236614732071757317
695.41157498289419436332536861300468
698.53937725756918553088326007127762
702.63150179260867389530176296830177
700.94869294324666952888946980237961
710.55667820742030471592443063855171
704.90317585049717763467924669384956
704.48193238803355598065536469221115
707.29580196988172247074544429779053
719.89448043694153511751210317015648
718.10898052002323765918845310807228
728.50093743845047811191761866211891
726.47282113382459556305548176169395
733.30357526005491308751516044139862
737.01611563226151702110655605792999
737.40404549359061547875171527266502
739.97386791732571964530507102608681
738.29872204396872348297620192170143
743.93928183724131031340220943093300
756.43998687584598883404396474361420
755.09064453398332261713221669197083
757.72282783613184165005804970860481
769.10587934070213123050052672624588
767.22321254633857279259245842695236
761.50773754684473715315107256174088
765.13398858678351643902715295553207
771.41483611904254757973831146955490
758.49809035069029050646349787712097
762.02659848799794417573139071464539
761.24607540938677630038000643253326
765.00767885948710045340703800320625
765.13266016918635159527184441685677
767.21221121923292685096384957432747
772.98140504219281865516677498817444
772.64875946727056543750222772359848
765.14217057899168139556422829627991
758.41192669691406536003341898322105
746.12761062448078064335277304053307
761.17433255877949704881757497787476
761.02247969343500244576716795563698
774.28209355135709301976021379232407
778.10141300192515245726099237799644
783.63512836969198360748123377561569
794.93092660102354329865192994475365
790.43988050171344639238668605685234
780.97469067609074500069255009293556
798.59456712991925542155513539910316
808.97537880281402067339513450860977
817.21490287013170927821192890405655
817.10121880246629189059603959321976
825.46813312787264749204041436314583
829.62099381115729102020850405097008
829.73792371771992293361108750104904
845.42392710974002056900644674897194
839.96461260972785112244309857487679
847.19081007812769712472800165414810
860.23949413984780676400987431406975
857.00423256321744247543392702937126
868.13808693231487723096506670117378
878.03571809840684636583318933844566
877.45422201406108797527849674224854
889.77705378865482543915277346968651
891.74916431799056226736865937709808
888.21673588870089588453993201255798
895.93327401082376582053257152438164
906.27560622618716479337308555841446
914.75513527169528060767333954572678
899.13969930429720989195629954338074
919.22148223649946885416284203529358
925.55153176175724638596875593066216
931.66013425243568235600832849740982
935.91816517576637579622911289334297
951.55590897696231422742130234837532
951.65675527785663234681123867630959
948.12350624462078485521487891674042
957.60737561842483955842908471822739
965.95059936049153748172102496027946
966.29883016704127385310130193829536
978.44734406809743632038589566946030
982.45692674215251827263273298740387
980.47533800095732203772058710455894
991.34827527468746666272636502981186
998.41738658126052996522048488259315
1006.78663233311658586899284273386002
1009.08179417961468971043359488248825
1013.80670354588437476195394992828369
1020.25690738054436224047094583511353
1027.74757102414127984957303851842880
1026.90389632901178629253990948200226
1042.92611123607730405637994408607483
1042.79408739920995685679372400045395
1054.52623286687867221189662814140320
1049.96037666404413357668090611696243
1058.67918646136513416422531008720398
1065.80565127927025059761945158243179
1071.08049471359208837384358048439026
1075.60603635775100883620325475931168
1086.04306876541727433505002409219742
1089.37194513500048742571379989385605
1085.88194120831190048193093389272690
1100.64544201842181792017072439193726
1106.80950691283783271501306444406509
1102.52373032363425409130286425352097
1118.57678286796954125748015940189362
1117.61276575585407044854946434497833
1125.51602984143687535834033042192459
1140.24799926518107895390130579471588
1133.31581504157907147600781172513962
1139.74564227074642985826358199119568
1141.28134113821693063073325902223587
1164.48378609283508922089822590351105
1172.08875454923008874175138771533966
1169.78576674506757626659236848354340
1175.70493537762718005978967994451523
1172.37854471523905885987915098667145
1188.94745231309957489429507404565811
1190.69310468640446742938365787267685
1197.50028953757737326668575406074524
