547.35247067834961853804998099803925
506.71635934838417369974195025861263
514.30252839701574885111767798662186
521.22922333891779089753981679677963
527.89836769444775654847035184502602
535.23395464870782234356738626956940
541.48703991980062255606753751635551
548.04524558604202866263221949338913
555.49615849067595263477414846420288
562.94206330420365702593699097633362
569.04874879275030252756550908088684
575.19326985284669717657379806041718
581.94555699504076073935721069574356
589.35578441292989282374037429690361
595.39891343887359198561171069741249
602.09165657567348262091400101780891
609.16643008288747296319343149662018
614.54312616825461645930772647261620
621.29403287564673519227653741836548
628.87508525641385404014727100729942
634.73932811152235444751568138599396
641.50258810508375972858630120754242
646.51457094033639805275015532970428
654.17668219136817242542747408151627
660.29929367870806800056016072630882
666.81265689530869167356286197900772
672.78081503346584213431924581527710
680.12475692159864593122620135545731
685.38320586242377885355381295084953
691.73336091566022787446854636073112
697.60067831358924195228610187768936
705.89168569937055508489720523357391
709.93195945939874036412220448255539
715.68212561595134957315167412161827
722.41617703448389420373132452368736
726.39841328513580265280324965715408
733.36407476641943503636866807937622
737.68044184768871218693675473332405
743.34404446951509726204676553606987
747.66889375801031292212428525090218
753.46146991486034494300838559865952
756.70218781654182294005295261740685
761.71872823470664570777444168925285
771.32638083448046018020249903202057
780.30886464584227724117226898670197
782.43938151581085094221634790301323
787.49453331868835448403842747211456
790.78619227210572262265486642718315
795.77059234697674128256039693951607
801.50444136504063408210640773177147
806.31580353801632554677780717611313
810.90499684617998354951851069927216
810.19939307090032798441825434565544
813.98263588044903826812515035271645
818.27526095304426689835963770747185
822.18208121468501303752418607473373
828.63840046012717266421532258391380
832.46153901426180254929931834340096
831.07789316635455634241225197911263
832.56123497283215328934602439403534
829.91126073311147592903580516576767
837.84601492105741726845735684037209
843.65788861462124259560368955135345
839.86765251166400503279874101281166
837.14677260041651152278063818812370
840.88245311535774817457422614097595
842.12522323861298900737892836332321
845.54651522739072788681369274854660
846.18266058434096521523315459489822
850.71792335722841471579158678650856
849.99213631770635402062907814979553
852.13294997651348694489570334553719
848.03317170291575166629627346992493
848.18001572857269820815417915582657
850.81718940084931546152802184224129
849.61500959722036441235104575753212
853.62295698865068516170140355825424
855.38491785284145407786127179861069
855.69042629601779026415897533297539
858.73370429951626192632829770445824
863.54622730251696793857263401150703
860.74119476475493684120010584592819
858.01843490241856216016458347439766
858.03138701421664791268995031714439
857.51567967308028528350405395030975
859.35717842729138737922767177224159
854.50262551659352538990788161754608
853.38374163769401548051973804831505
853.64243360643627056560944765806198
861.62142948058249203313607722520828
863.85919509852931241766782477498055
857.74408924292322353721829131245613
860.62877685936700800084508955478668
860.18015597810915551235666498541832
866.64608910642573391669429838657379
870.33736220442790454399073496460915
880.87249583525419893703656271100044
882.95208322368603148788679391145706
893.39088151004762039519846439361572
895.05500571457037040090654045343399
900.76676263151057355571538209915161
902.60403307292506269732257351279259
912.39284988969461664964910596609116
914.86253035743777672905707731842995
920.65063798427991059725172817707062
925.04434666663576081191422417759895
933.87708469709514247369952499866486
939.17017427043037969269789755344391
943.89148571011730837199138477444649
950.09071995381475517206126824021339
952.11273235489989019697532057762146
958.42840478619677924143616110086441
967.12073021752780732640530914068222
968.68562655055143295612651854753494
977.93436483304310513631207868456841
983.01523675918133449158631265163422
989.16129358377634162025060504674911
993.39273499698515479394700378179550
998.27376601877733719447860494256020
1003.04353989712546990631381049752235
1006.19413500604196087806485593318939
1014.63298600251891912193968892097473
1021.37513258968954232841497287154198
1028.23764381362002495734486728906631
1030.75143248849713017989415675401688
1036.12757936559046356705948710441589
1041.51768554880072770174592733383179
1050.17013413993277026747819036245346
1053.37462837376006064005196094512939
1062.09321624535118644416797906160355
1062.54642995183098719280678778886795
1072.74044827511966104793827980756760
1076.21777434375371740316040813922882
1082.47782860989718756172806024551392
1089.00657958773581412970088422298431
1090.60241353044989409681875258684158
1102.31564109651867511274758726358414
1102.73947821656997803074773401021957
1109.40287454027861713257152587175369
1111.18707211915739208052400499582291
1121.05860235847671901865396648645401
1127.20280725779298336419742554426193
1135.69424581778002902865409851074219
1137.49852708539378909335937350988388
1143.16305480573578279290813952684402
1151.13969215513839117193128913640976
1154.20974462096432944235857576131821
1168.72234509033978611114434897899628
1167.70289291607241466408595442771912
1175.37108006883272537379525601863861
